#=====================================================
# File created:        Sun-26-Oct-2025-at-07-08-21PM
# Size of lattice:     20x20
# Number of MC steps:  1000
# Reduced temperature: 0.650
# Run time (s):        0.709242
#=====================================================
# MC step:  Ratio:     Energy:   Order:
#=====================================================
   00000    0.5000    -386.1618  0.2562 
   00001    0.7025    -575.4212  0.2999 
   00002    0.5875    -735.1291  0.3254 
   00003    0.5625    -824.4746  0.3301 
   00004    0.5275    -895.9801  0.3026 
   00005    0.5300    -954.2745  0.3222 
   00006    0.5025    -990.0271  0.3204 
   00007    0.4600    -999.9388  0.3242 
   00008    0.4925   -1055.6777  0.3495 
   00009    0.4200   -1083.3113  0.3364 
   00010    0.4775   -1082.7313  0.3396 
   00011    0.4150   -1101.2355  0.3372 
   00012    0.4725   -1089.2823  0.3626 
   00013    0.4700   -1112.6167  0.3827 
   00014    0.4625   -1136.9322  0.3759 
   00015    0.4375   -1170.7555  0.3791 
   00016    0.4450   -1152.0427  0.3954 
   00017    0.4150   -1161.4898  0.4033 
   00018    0.4425   -1160.3495  0.3948 
   00019    0.4050   -1177.0252  0.4019 
   00020    0.4525   -1181.0511  0.4005 
   00021    0.4175   -1185.8011  0.4022 
   00022    0.4225   -1168.9620  0.4090 
   00023    0.4450   -1177.3888  0.4108 
   00024    0.4650   -1174.6914  0.4333 
   00025    0.4300   -1167.2408  0.4400 
   00026    0.4600   -1157.3774  0.4338 
   00027    0.4475   -1157.3766  0.4394 
   00028    0.4200   -1147.6603  0.4328 
   00029    0.4325   -1164.3117  0.4326 
   00030    0.4550   -1153.9238  0.4249 
   00031    0.4800   -1149.6169  0.4170 
   00032    0.4450   -1157.2040  0.4127 
   00033    0.4475   -1162.4277  0.4082 
   00034    0.4400   -1170.6040  0.4189 
   00035    0.4400   -1188.0096  0.4177 
   00036    0.4350   -1174.3201  0.4294 
   00037    0.4075   -1174.1526  0.4201 
   00038    0.4175   -1193.7965  0.4105 
   00039    0.4150   -1176.9113  0.3954 
   00040    0.4650   -1169.2720  0.4087 
   00041    0.4375   -1156.2539  0.4206 
   00042    0.4150   -1153.7429  0.4284 
   00043    0.4650   -1148.3685  0.4232 
   00044    0.4375   -1175.0593  0.4051 
   00045    0.4075   -1142.2467  0.3835 
   00046    0.4325   -1160.0019  0.4070 
   00047    0.4625   -1160.9766  0.4190 
   00048    0.4825   -1124.9350  0.4331 
   00049    0.4300   -1144.0093  0.4524 
   00050    0.4500   -1170.0366  0.4790 
   00051    0.4450   -1190.0753  0.4599 
   00052    0.4575   -1189.1042  0.4387 
   00053    0.4075   -1201.1128  0.4628 
   00054    0.4375   -1199.6941  0.4356 
   00055    0.4450   -1217.8631  0.4201 
   00056    0.4575   -1196.3374  0.4251 
   00057    0.4275   -1187.6635  0.4061 
   00058    0.3900   -1199.4440  0.4057 
   00059    0.4700   -1208.9136  0.4232 
   00060    0.3825   -1223.2071  0.4382 
   00061    0.4100   -1238.8652  0.4492 
   00062    0.3725   -1247.9563  0.4338 
   00063    0.3850   -1249.0659  0.4263 
   00064    0.3900   -1265.2974  0.4385 
   00065    0.4050   -1255.2087  0.4479 
   00066    0.4100   -1257.7978  0.4530 
   00067    0.4025   -1250.3495  0.4526 
   00068    0.3925   -1241.3791  0.4482 
   00069    0.4125   -1259.8013  0.4353 
   00070    0.4250   -1244.3001  0.4396 
   00071    0.4225   -1271.7427  0.4460 
   00072    0.4100   -1252.0410  0.4454 
   00073    0.4025   -1239.6228  0.4725 
   00074    0.3825   -1214.4722  0.4984 
   00075    0.4075   -1207.3521  0.5266 
   00076    0.3875   -1192.9415  0.5385 
   00077    0.4400   -1217.0802  0.5514 
   00078    0.4025   -1224.1718  0.5359 
   00079    0.4750   -1221.4493  0.5302 
   00080    0.3525   -1242.6182  0.5319 
   00081    0.3775   -1260.8856  0.5472 
   00082    0.4075   -1236.8289  0.5517 
   00083    0.3925   -1230.5491  0.5470 
   00084    0.4400   -1236.0124  0.5493 
   00085    0.4000   -1246.7089  0.5411 
   00086    0.3975   -1246.1518  0.5431 
   00087    0.3975   -1225.7883  0.5510 
   00088    0.3875   -1266.8918  0.5536 
   00089    0.4325   -1255.3961  0.5497 
   00090    0.4425   -1219.9055  0.5632 
   00091    0.3875   -1210.5227  0.5700 
   00092    0.4175   -1212.3608  0.5666 
   00093    0.4200   -1229.5363  0.5589 
   00094    0.4050   -1202.6218  0.5660 
   00095    0.4525   -1212.6468  0.5635 
   00096    0.4175   -1214.7323  0.5582 
   00097    0.4200   -1226.4000  0.5501 
   00098    0.4375   -1225.3085  0.5508 
   00099    0.4225   -1205.9649  0.5231 
   00100    0.4000   -1202.9187  0.5183 
   00101    0.4575   -1195.5975  0.5062 
   00102    0.4800   -1179.9849  0.5237 
   00103    0.3850   -1224.6945  0.5219 
   00104    0.4325   -1226.3885  0.5129 
   00105    0.4675   -1223.4569  0.5139 
   00106    0.3950   -1214.1586  0.5099 
   00107    0.3575   -1222.2058  0.5037 
   00108    0.4075   -1233.8487  0.5072 
   00109    0.4100   -1218.0525  0.4880 
   00110    0.4575   -1223.1458  0.5105 
   00111    0.4050   -1233.9545  0.5112 
   00112    0.4125   -1224.0403  0.5265 
   00113    0.4350   -1234.8872  0.5428 
   00114    0.3725   -1236.1835  0.5377 
   00115    0.4125   -1241.9756  0.5480 
   00116    0.4300   -1222.8720  0.5386 
   00117    0.4350   -1226.7223  0.5275 
   00118    0.3775   -1213.6223  0.5275 
   00119    0.4450   -1210.2235  0.5491 
   00120    0.4225   -1223.0090  0.5283 
   00121    0.4250   -1227.5403  0.5094 
   00122    0.3725   -1223.6073  0.5150 
   00123    0.4025   -1231.5398  0.5197 
   00124    0.4275   -1218.9375  0.5387 
   00125    0.3800   -1217.7101  0.5386 
   00126    0.3925   -1193.4243  0.5287 
   00127    0.4525   -1188.1313  0.5256 
   00128    0.4150   -1215.9384  0.5400 
   00129    0.4400   -1229.6614  0.5469 
   00130    0.4800   -1217.0077  0.5450 
   00131    0.4325   -1215.2584  0.5409 
   00132    0.4350   -1226.2366  0.5458 
   00133    0.4200   -1237.0663  0.5429 
   00134    0.4325   -1250.0914  0.5645 
   00135    0.4050   -1239.0817  0.5648 
   00136    0.4200   -1233.5071  0.5719 
   00137    0.4625   -1227.7933  0.5728 
   00138    0.4275   -1229.9190  0.5803 
   00139    0.4200   -1241.4328  0.5771 
   00140    0.4175   -1256.2684  0.5850 
   00141    0.4125   -1256.7440  0.5828 
   00142    0.4025   -1247.9741  0.5818 
   00143    0.3850   -1237.6061  0.5735 
   00144    0.4200   -1268.5383  0.5815 
   00145    0.3500   -1236.6528  0.5602 
   00146    0.4675   -1228.7880  0.5782 
   00147    0.4325   -1238.6602  0.5807 
   00148    0.3975   -1249.3816  0.5810 
   00149    0.3775   -1248.9036  0.5916 
   00150    0.3925   -1243.8825  0.5888 
   00151    0.3925   -1219.9373  0.5821 
   00152    0.4050   -1223.2252  0.5855 
   00153    0.3825   -1216.6248  0.5876 
   00154    0.4200   -1218.7700  0.5953 
   00155    0.4100   -1221.8273  0.5963 
   00156    0.4025   -1209.2175  0.5966 
   00157    0.4125   -1221.6198  0.5964 
   00158    0.4675   -1242.2885  0.6051 
   00159    0.3950   -1237.7608  0.5870 
   00160    0.3850   -1247.7194  0.5943 
   00161    0.4275   -1255.3341  0.5887 
   00162    0.4400   -1270.0166  0.6077 
   00163    0.3625   -1254.9058  0.6116 
   00164    0.3800   -1246.2114  0.6073 
   00165    0.4375   -1239.4754  0.6076 
   00166    0.3325   -1246.9339  0.6216 
   00167    0.4300   -1249.9614  0.6219 
   00168    0.3950   -1255.8450  0.6387 
   00169    0.4025   -1257.5252  0.6302 
   00170    0.4275   -1253.5138  0.6445 
   00171    0.3700   -1256.8125  0.6407 
   00172    0.4025   -1255.3699  0.6345 
   00173    0.4050   -1245.9979  0.6518 
   00174    0.3650   -1253.3487  0.6409 
   00175    0.3975   -1242.4493  0.6323 
   00176    0.4150   -1248.0789  0.6272 
   00177    0.4000   -1245.8108  0.6170 
   00178    0.3975   -1239.8699  0.6257 
   00179    0.4125   -1262.1129  0.6409 
   00180    0.4500   -1196.9290  0.6340 
   00181    0.4000   -1220.5470  0.6488 
   00182    0.4325   -1221.0530  0.6499 
   00183    0.3975   -1220.1797  0.6569 
   00184    0.4225   -1242.7821  0.6585 
   00185    0.4375   -1234.4364  0.6552 
   00186    0.4250   -1208.0988  0.6467 
   00187    0.4075   -1221.7264  0.6457 
   00188    0.3975   -1240.5632  0.6514 
   00189    0.4375   -1245.9369  0.6666 
   00190    0.3950   -1232.1893  0.6724 
   00191    0.4450   -1245.4564  0.6804 
   00192    0.3575   -1249.8393  0.6851 
   00193    0.3950   -1250.8595  0.7013 
   00194    0.4100   -1247.7060  0.7126 
   00195    0.4100   -1253.8116  0.6924 
   00196    0.4350   -1260.8957  0.6973 
   00197    0.3925   -1277.8654  0.7018 
   00198    0.3975   -1304.7318  0.7176 
   00199    0.4100   -1284.9974  0.7145 
   00200    0.3875   -1285.5977  0.7108 
   00201    0.3950   -1277.4756  0.7078 
   00202    0.3800   -1290.1560  0.7132 
   00203    0.4175   -1284.8348  0.7110 
   00204    0.4100   -1274.6535  0.7022 
   00205    0.3675   -1266.7390  0.7145 
   00206    0.4250   -1243.0597  0.7016 
   00207    0.3575   -1259.3510  0.7015 
   00208    0.3950   -1250.0620  0.7115 
   00209    0.4200   -1268.2246  0.7200 
   00210    0.3775   -1269.3122  0.7204 
   00211    0.4050   -1252.5193  0.7071 
   00212    0.4500   -1265.6602  0.7147 
   00213    0.4175   -1291.3191  0.7371 
   00214    0.3675   -1316.6394  0.7478 
   00215    0.3925   -1311.2565  0.7437 
   00216    0.3475   -1320.9384  0.7466 
   00217    0.4450   -1315.8487  0.7562 
   00218    0.3850   -1329.3513  0.7746 
   00219    0.3475   -1309.2514  0.7715 
   00220    0.4300   -1298.3327  0.7648 
   00221    0.4025   -1314.6870  0.7737 
   00222    0.4175   -1323.6607  0.7811 
   00223    0.3825   -1322.5669  0.7701 
   00224    0.4125   -1296.0232  0.7623 
   00225    0.3800   -1290.3011  0.7561 
   00226    0.3675   -1276.3971  0.7383 
   00227    0.3875   -1271.5829  0.7459 
   00228    0.3875   -1281.0438  0.7503 
   00229    0.3350   -1261.5643  0.7469 
   00230    0.4500   -1263.5134  0.7453 
   00231    0.4175   -1263.7448  0.7418 
   00232    0.3950   -1294.8554  0.7805 
   00233    0.3875   -1280.9759  0.7926 
   00234    0.3825   -1272.2525  0.7759 
   00235    0.3800   -1275.3619  0.7805 
   00236    0.3850   -1281.5286  0.7844 
   00237    0.3875   -1296.9310  0.7824 
   00238    0.3950   -1306.1638  0.7747 
   00239    0.3975   -1325.7954  0.7803 
   00240    0.4075   -1302.3201  0.7732 
   00241    0.3775   -1308.0199  0.7662 
   00242    0.3750   -1293.3152  0.7728 
   00243    0.3775   -1292.2507  0.7819 
   00244    0.3975   -1314.7205  0.7938 
   00245    0.4025   -1318.3315  0.7886 
   00246    0.3875   -1316.3183  0.7977 
   00247    0.3925   -1297.2778  0.8058 
   00248    0.3800   -1292.3274  0.8029 
   00249    0.3775   -1301.6171  0.8126 
   00250    0.4025   -1304.3455  0.8056 
   00251    0.4050   -1271.9934  0.8077 
   00252    0.4525   -1269.6577  0.8002 
   00253    0.4125   -1283.3793  0.8139 
   00254    0.4225   -1264.6628  0.8105 
   00255    0.4225   -1282.6801  0.8166 
   00256    0.4300   -1282.9085  0.8058 
   00257    0.3675   -1298.4230  0.8076 
   00258    0.4175   -1297.5501  0.8035 
   00259    0.3775   -1279.8848  0.7972 
   00260    0.4075   -1282.4365  0.7859 
   00261    0.3850   -1288.1845  0.7977 
   00262    0.4025   -1273.8478  0.7976 
   00263    0.3750   -1264.0464  0.7885 
   00264    0.4200   -1264.6088  0.7866 
   00265    0.4475   -1272.0448  0.7943 
   00266    0.4275   -1281.1245  0.8017 
   00267    0.4025   -1297.3342  0.8135 
   00268    0.3775   -1298.8198  0.8112 
   00269    0.3700   -1274.9675  0.8074 
   00270    0.4075   -1267.9052  0.7984 
   00271    0.3600   -1261.3467  0.7934 
   00272    0.4000   -1294.5986  0.7932 
   00273    0.3925   -1275.8048  0.7911 
   00274    0.3625   -1278.1162  0.7746 
   00275    0.3925   -1275.5918  0.7786 
   00276    0.4025   -1291.9516  0.7907 
   00277    0.4225   -1289.4417  0.7963 
   00278    0.4100   -1280.4347  0.7979 
   00279    0.3900   -1278.6186  0.8041 
   00280    0.4425   -1265.7430  0.8027 
   00281    0.4025   -1276.1365  0.8172 
   00282    0.3725   -1277.7702  0.8262 
   00283    0.4000   -1285.6503  0.8336 
   00284    0.4325   -1296.5089  0.8306 
   00285    0.4225   -1291.8380  0.8233 
   00286    0.4300   -1313.9594  0.8392 
   00287    0.3900   -1316.8708  0.8453 
   00288    0.3925   -1305.4628  0.8351 
   00289    0.4175   -1324.7362  0.8374 
   00290    0.3775   -1330.3772  0.8401 
   00291    0.3950   -1295.1854  0.8341 
   00292    0.3900   -1282.1896  0.8224 
   00293    0.3650   -1291.2600  0.8172 
   00294    0.4150   -1311.3569  0.8099 
   00295    0.4150   -1301.5422  0.8026 
   00296    0.3475   -1302.1183  0.8157 
   00297    0.3975   -1304.1638  0.8221 
   00298    0.4150   -1261.9139  0.8020 
   00299    0.3775   -1289.5354  0.8029 
   00300    0.3700   -1305.7177  0.8105 
   00301    0.3850   -1304.4678  0.8118 
   00302    0.3775   -1302.2295  0.8096 
   00303    0.3975   -1315.6587  0.8101 
   00304    0.3775   -1319.3533  0.8127 
   00305    0.4250   -1300.8721  0.8114 
   00306    0.3825   -1321.7297  0.8183 
   00307    0.3900   -1318.8234  0.8058 
   00308    0.4300   -1318.7368  0.8117 
   00309    0.3850   -1314.6532  0.8130 
   00310    0.3675   -1321.5221  0.8171 
   00311    0.3275   -1297.2346  0.8072 
   00312    0.3875   -1294.2578  0.8099 
   00313    0.3800   -1317.1143  0.8298 
   00314    0.4275   -1311.7658  0.8356 
   00315    0.4675   -1306.5514  0.8302 
   00316    0.4200   -1304.4780  0.8245 
   00317    0.4000   -1317.0086  0.8325 
   00318    0.4200   -1294.2776  0.8158 
   00319    0.4075   -1305.6307  0.8145 
   00320    0.4550   -1287.4018  0.8134 
   00321    0.4375   -1278.8254  0.8015 
   00322    0.4175   -1271.7630  0.8067 
   00323    0.4650   -1282.2235  0.8139 
   00324    0.3700   -1298.5059  0.8337 
   00325    0.3850   -1297.5814  0.8417 
   00326    0.3625   -1264.5026  0.8325 
   00327    0.4300   -1271.1480  0.8326 
   00328    0.3900   -1261.0783  0.8253 
   00329    0.3950   -1272.2802  0.8228 
   00330    0.3975   -1269.5970  0.8306 
   00331    0.4050   -1306.7897  0.8440 
   00332    0.4225   -1311.5581  0.8413 
   00333    0.4300   -1319.4549  0.8425 
   00334    0.3700   -1335.1734  0.8451 
   00335    0.3275   -1316.3015  0.8391 
   00336    0.3950   -1302.0900  0.8245 
   00337    0.3750   -1322.4952  0.8235 
   00338    0.3850   -1290.9542  0.8014 
   00339    0.3975   -1300.6057  0.8204 
   00340    0.3800   -1292.4678  0.8122 
   00341    0.3850   -1272.3069  0.7992 
   00342    0.4050   -1264.0541  0.7994 
   00343    0.4475   -1269.4804  0.8145 
   00344    0.3800   -1275.0024  0.8004 
   00345    0.3450   -1272.9952  0.8023 
   00346    0.4225   -1273.7124  0.7960 
   00347    0.4025   -1264.7683  0.7801 
   00348    0.4375   -1265.4501  0.7838 
   00349    0.3750   -1290.8987  0.7906 
   00350    0.3725   -1290.7359  0.8043 
   00351    0.3900   -1289.7732  0.8016 
   00352    0.3675   -1288.8211  0.7972 
   00353    0.3675   -1276.2619  0.7817 
   00354    0.4050   -1290.4087  0.7877 
   00355    0.4150   -1290.1688  0.7894 
   00356    0.3575   -1298.1180  0.8014 
   00357    0.3425   -1298.5406  0.7983 
   00358    0.3700   -1282.3401  0.7860 
   00359    0.3725   -1273.5688  0.7911 
   00360    0.4025   -1260.8457  0.7711 
   00361    0.4125   -1280.9959  0.7861 
   00362    0.4050   -1277.7851  0.7826 
   00363    0.4325   -1292.8494  0.7971 
   00364    0.3625   -1277.3508  0.8055 
   00365    0.3700   -1264.1408  0.8071 
   00366    0.3800   -1265.1794  0.8029 
   00367    0.3475   -1279.4773  0.8037 
   00368    0.4100   -1275.2076  0.8040 
   00369    0.3900   -1269.6218  0.8026 
   00370    0.4400   -1257.3665  0.7931 
   00371    0.4350   -1274.4049  0.7985 
   00372    0.4150   -1267.1714  0.7845 
   00373    0.4025   -1276.8319  0.7920 
   00374    0.3825   -1269.0587  0.7767 
   00375    0.4150   -1265.3122  0.7972 
   00376    0.4100   -1278.6395  0.8046 
   00377    0.4125   -1282.2121  0.8073 
   00378    0.4150   -1278.6565  0.8060 
   00379    0.4125   -1287.0898  0.8089 
   00380    0.4225   -1291.3730  0.8179 
   00381    0.3900   -1306.8848  0.8219 
   00382    0.3925   -1322.8039  0.8386 
   00383    0.4150   -1304.6359  0.8267 
   00384    0.3875   -1309.2169  0.8333 
   00385    0.3775   -1315.8957  0.8368 
   00386    0.3725   -1296.7233  0.8267 
   00387    0.4000   -1308.1914  0.8195 
   00388    0.3900   -1292.8476  0.8292 
   00389    0.3850   -1290.7228  0.8355 
   00390    0.3700   -1306.4292  0.8401 
   00391    0.3850   -1346.8997  0.8527 
   00392    0.4425   -1346.0412  0.8573 
   00393    0.4000   -1323.5111  0.8539 
   00394    0.3675   -1334.1010  0.8556 
   00395    0.3700   -1336.3259  0.8483 
   00396    0.4150   -1326.3193  0.8454 
   00397    0.3850   -1295.1958  0.8395 
   00398    0.3950   -1308.4579  0.8391 
   00399    0.3875   -1297.2162  0.8364 
   00400    0.4175   -1285.9653  0.8385 
   00401    0.3725   -1310.1227  0.8510 
   00402    0.3925   -1300.1831  0.8490 
   00403    0.4025   -1298.8624  0.8474 
   00404    0.3900   -1296.6502  0.8444 
   00405    0.3875   -1292.7654  0.8521 
   00406    0.4100   -1287.7812  0.8534 
   00407    0.3800   -1276.7149  0.8431 
   00408    0.4000   -1290.0051  0.8481 
   00409    0.4150   -1299.2173  0.8606 
   00410    0.4025   -1314.0021  0.8655 
   00411    0.4400   -1286.9425  0.8507 
   00412    0.4125   -1293.7761  0.8423 
   00413    0.4250   -1280.7965  0.8424 
   00414    0.3575   -1283.8251  0.8470 
   00415    0.3975   -1295.0638  0.8415 
   00416    0.4175   -1311.8581  0.8526 
   00417    0.4425   -1296.3687  0.8521 
   00418    0.3975   -1304.2618  0.8528 
   00419    0.3975   -1303.2973  0.8457 
   00420    0.3725   -1307.4853  0.8593 
   00421    0.4275   -1282.1797  0.8500 
   00422    0.3925   -1283.5644  0.8388 
   00423    0.3800   -1282.3737  0.8286 
   00424    0.3900   -1262.4196  0.8181 
   00425    0.4025   -1258.9268  0.8055 
   00426    0.4300   -1256.8540  0.8124 
   00427    0.4200   -1280.2855  0.8200 
   00428    0.3875   -1308.9522  0.8440 
   00429    0.3875   -1328.6780  0.8485 
   00430    0.4225   -1311.1503  0.8350 
   00431    0.4550   -1301.9109  0.8236 
   00432    0.4500   -1294.9514  0.8242 
   00433    0.4175   -1281.4520  0.8220 
   00434    0.4175   -1291.5357  0.8225 
   00435    0.3950   -1273.6500  0.8101 
   00436    0.4075   -1250.1015  0.8096 
   00437    0.4125   -1266.4956  0.8021 
   00438    0.3850   -1264.8797  0.8039 
   00439    0.3825   -1263.4941  0.7976 
   00440    0.4025   -1275.3409  0.8037 
   00441    0.3625   -1252.1762  0.7812 
   00442    0.3825   -1239.2497  0.7783 
   00443    0.4125   -1229.6033  0.7808 
   00444    0.4075   -1245.9037  0.7755 
   00445    0.4275   -1253.4114  0.7651 
   00446    0.3875   -1243.6477  0.7629 
   00447    0.3575   -1247.5930  0.7493 
   00448    0.4025   -1251.7204  0.7408 
   00449    0.3925   -1242.1623  0.7445 
   00450    0.4175   -1245.5680  0.7500 
   00451    0.3775   -1227.6415  0.7519 
   00452    0.4500   -1234.4830  0.7382 
   00453    0.4300   -1222.8091  0.7238 
   00454    0.4375   -1241.8842  0.7396 
   00455    0.4400   -1260.0681  0.7537 
   00456    0.4025   -1287.2931  0.7830 
   00457    0.4150   -1291.6982  0.7862 
   00458    0.3900   -1288.7421  0.7815 
   00459    0.4150   -1306.3361  0.7707 
   00460    0.3900   -1300.6608  0.7627 
   00461    0.4500   -1293.5730  0.7664 
   00462    0.4150   -1305.8215  0.7764 
   00463    0.4025   -1298.1151  0.7948 
   00464    0.3675   -1311.2587  0.7949 
   00465    0.4400   -1295.3456  0.7883 
   00466    0.4475   -1321.4806  0.8046 
   00467    0.3775   -1300.5537  0.8050 
   00468    0.4550   -1288.4287  0.7920 
   00469    0.3725   -1277.1727  0.7862 
   00470    0.4150   -1270.8134  0.8013 
   00471    0.4175   -1279.2862  0.8079 
   00472    0.4075   -1266.7672  0.7946 
   00473    0.3875   -1273.3281  0.7865 
   00474    0.4200   -1242.2543  0.7886 
   00475    0.4025   -1223.7207  0.7759 
   00476    0.4300   -1218.9501  0.7722 
   00477    0.4075   -1225.3799  0.7635 
   00478    0.4225   -1252.4715  0.7662 
   00479    0.4500   -1266.2231  0.7781 
   00480    0.3775   -1263.9150  0.7788 
   00481    0.4050   -1259.2684  0.7819 
   00482    0.4000   -1259.2965  0.7830 
   00483    0.3975   -1269.9918  0.7688 
   00484    0.3925   -1269.3077  0.7664 
   00485    0.4050   -1277.9239  0.7758 
   00486    0.3775   -1283.8712  0.7796 
   00487    0.4025   -1319.8802  0.7894 
   00488    0.3675   -1297.0841  0.7831 
   00489    0.4400   -1318.8282  0.7821 
   00490    0.3700   -1328.7684  0.7863 
   00491    0.3875   -1325.0062  0.7825 
   00492    0.3350   -1313.5085  0.7834 
   00493    0.4000   -1309.6640  0.8034 
   00494    0.4000   -1309.7505  0.7943 
   00495    0.3850   -1295.9577  0.7880 
   00496    0.4050   -1268.6493  0.7863 
   00497    0.3900   -1273.7912  0.7849 
   00498    0.3700   -1275.7047  0.7806 
   00499    0.3900   -1282.7432  0.7878 
   00500    0.4250   -1267.2910  0.7786 
   00501    0.4025   -1266.0434  0.7927 
   00502    0.3950   -1266.9155  0.7898 
   00503    0.4125   -1268.5656  0.7773 
   00504    0.3800   -1269.0036  0.7657 
   00505    0.3875   -1264.5156  0.7680 
   00506    0.3600   -1266.0916  0.7778 
   00507    0.3925   -1278.1469  0.7722 
   00508    0.3675   -1266.1826  0.7723 
   00509    0.4025   -1286.0541  0.7800 
   00510    0.3900   -1285.7202  0.7929 
   00511    0.3750   -1273.4932  0.7851 
   00512    0.3975   -1309.0282  0.7893 
   00513    0.4150   -1319.4126  0.7854 
   00514    0.4350   -1301.1046  0.7826 
   00515    0.3725   -1300.2743  0.7816 
   00516    0.4050   -1258.1794  0.7559 
   00517    0.3975   -1221.4666  0.7344 
   00518    0.3875   -1234.3730  0.7529 
   00519    0.4650   -1243.8024  0.7516 
   00520    0.4150   -1239.7769  0.7443 
   00521    0.4125   -1222.4827  0.7276 
   00522    0.3925   -1203.9220  0.7134 
   00523    0.4400   -1219.0167  0.7137 
   00524    0.4425   -1244.6589  0.7255 
   00525    0.4050   -1248.5104  0.7378 
   00526    0.4225   -1257.4462  0.7366 
   00527    0.4375   -1290.0819  0.7564 
   00528    0.4025   -1297.4110  0.7662 
   00529    0.4175   -1284.1558  0.7672 
   00530    0.3775   -1298.2396  0.7702 
   00531    0.3900   -1310.0493  0.7793 
   00532    0.3925   -1302.6713  0.7877 
   00533    0.3825   -1301.5839  0.7704 
   00534    0.4000   -1296.0739  0.7733 
   00535    0.4300   -1319.2072  0.7738 
   00536    0.3925   -1304.9044  0.7578 
   00537    0.3750   -1302.5083  0.7538 
   00538    0.4200   -1303.8916  0.7702 
   00539    0.4425   -1313.1082  0.7779 
   00540    0.4175   -1331.0133  0.7748 
   00541    0.4150   -1308.5385  0.7593 
   00542    0.4150   -1299.8733  0.7635 
   00543    0.4250   -1300.2690  0.7721 
   00544    0.3675   -1308.5809  0.7700 
   00545    0.4250   -1293.1067  0.7757 
   00546    0.4100   -1300.9961  0.7807 
   00547    0.3700   -1308.7049  0.7779 
   00548    0.3875   -1298.0542  0.7664 
   00549    0.4050   -1283.6359  0.7719 
   00550    0.3950   -1301.2164  0.7827 
   00551    0.4225   -1321.6328  0.7876 
   00552    0.4250   -1326.5803  0.7878 
   00553    0.3850   -1341.2592  0.7978 
   00554    0.3925   -1334.6338  0.7955 
   00555    0.3775   -1333.5483  0.7834 
   00556    0.3875   -1337.0700  0.7837 
   00557    0.4025   -1338.4051  0.7901 
   00558    0.3650   -1332.4486  0.7858 
   00559    0.3900   -1303.9088  0.7709 
   00560    0.4350   -1287.0112  0.7487 
   00561    0.4375   -1301.8669  0.7416 
   00562    0.3775   -1300.7069  0.7567 
   00563    0.4150   -1275.2201  0.7394 
   00564    0.4100   -1263.0860  0.7322 
   00565    0.3775   -1301.4578  0.7559 
   00566    0.3700   -1279.0782  0.7506 
   00567    0.4050   -1281.2714  0.7575 
   00568    0.3725   -1287.5276  0.7626 
   00569    0.4000   -1303.1668  0.7675 
   00570    0.3725   -1338.2856  0.7914 
   00571    0.4125   -1330.3597  0.7969 
   00572    0.4250   -1328.9074  0.8038 
   00573    0.4100   -1331.2708  0.8052 
   00574    0.3950   -1314.7897  0.8004 
   00575    0.4400   -1305.7268  0.7891 
   00576    0.3675   -1314.4840  0.7982 
   00577    0.4225   -1316.7846  0.7957 
   00578    0.3800   -1303.2916  0.7976 
   00579    0.3475   -1311.5703  0.7982 
   00580    0.3825   -1297.9320  0.8057 
   00581    0.3975   -1287.8604  0.8043 
   00582    0.4000   -1261.8279  0.8018 
   00583    0.3675   -1284.7748  0.8005 
   00584    0.3975   -1291.0872  0.8073 
   00585    0.4525   -1300.4082  0.8126 
   00586    0.3975   -1303.3265  0.8220 
   00587    0.4300   -1309.0123  0.8297 
   00588    0.4000   -1310.9133  0.8425 
   00589    0.4200   -1294.3735  0.8269 
   00590    0.3950   -1284.7568  0.8417 
   00591    0.4100   -1306.3643  0.8523 
   00592    0.4375   -1312.1423  0.8524 
   00593    0.4150   -1315.9254  0.8534 
   00594    0.4175   -1306.1669  0.8538 
   00595    0.3775   -1334.5318  0.8599 
   00596    0.3675   -1328.2880  0.8609 
   00597    0.4200   -1323.3020  0.8537 
   00598    0.3675   -1299.7868  0.8450 
   00599    0.4100   -1295.8103  0.8437 
   00600    0.4025   -1302.7285  0.8544 
   00601    0.4000   -1295.4538  0.8483 
   00602    0.4150   -1282.1230  0.8355 
   00603    0.4050   -1305.9973  0.8562 
   00604    0.4100   -1298.3763  0.8425 
   00605    0.3825   -1284.4536  0.8304 
   00606    0.3875   -1330.4318  0.8422 
   00607    0.3575   -1313.2362  0.8308 
   00608    0.3975   -1337.0070  0.8338 
   00609    0.3775   -1314.8780  0.8111 
   00610    0.4025   -1328.5863  0.8152 
   00611    0.4075   -1343.8765  0.8263 
   00612    0.4200   -1332.8603  0.8105 
   00613    0.3625   -1325.9370  0.8100 
   00614    0.3875   -1318.1935  0.8129 
   00615    0.3800   -1299.7513  0.8135 
   00616    0.3525   -1300.7626  0.8149 
   00617    0.3500   -1314.5615  0.8050 
   00618    0.3900   -1314.2717  0.7971 
   00619    0.3675   -1297.4422  0.8009 
   00620    0.4175   -1311.3427  0.8025 
   00621    0.4300   -1291.7971  0.7670 
   00622    0.4000   -1303.1493  0.7761 
   00623    0.3850   -1307.1852  0.7679 
   00624    0.4100   -1284.9116  0.7609 
   00625    0.3625   -1293.1423  0.7520 
   00626    0.4000   -1284.0956  0.7501 
   00627    0.4175   -1272.6008  0.7519 
   00628    0.4575   -1276.5726  0.7539 
   00629    0.4175   -1281.0765  0.7629 
   00630    0.4350   -1272.2662  0.7582 
   00631    0.4000   -1269.8359  0.7556 
   00632    0.3850   -1276.5202  0.7738 
   00633    0.4100   -1289.6278  0.7774 
   00634    0.3825   -1268.2598  0.7720 
   00635    0.4025   -1264.9525  0.7719 
   00636    0.3700   -1287.3521  0.7673 
   00637    0.3725   -1283.9886  0.7638 
   00638    0.4150   -1284.0905  0.7597 
   00639    0.3525   -1272.7876  0.7454 
   00640    0.3450   -1299.8290  0.7515 
   00641    0.4350   -1267.1618  0.7387 
   00642    0.4300   -1263.5420  0.7428 
   00643    0.4175   -1265.0047  0.7532 
   00644    0.3900   -1237.5951  0.7429 
   00645    0.4100   -1249.2232  0.7462 
   00646    0.4125   -1247.3650  0.7473 
   00647    0.4175   -1263.3317  0.7437 
   00648    0.3550   -1237.9995  0.7360 
   00649    0.3700   -1266.6495  0.7333 
   00650    0.3925   -1269.4990  0.7377 
   00651    0.3825   -1271.6914  0.7442 
   00652    0.3725   -1267.0272  0.7476 
   00653    0.3700   -1258.8231  0.7369 
   00654    0.3750   -1276.7082  0.7385 
   00655    0.4075   -1263.8276  0.7421 
   00656    0.4325   -1266.4684  0.7612 
   00657    0.3850   -1324.2292  0.7723 
   00658    0.4125   -1316.8507  0.7734 
   00659    0.3425   -1325.1304  0.7647 
   00660    0.3900   -1318.7122  0.7550 
   00661    0.3800   -1306.5265  0.7462 
   00662    0.3650   -1297.8189  0.7361 
   00663    0.3625   -1283.6573  0.7288 
   00664    0.4000   -1262.9695  0.7134 
   00665    0.3975   -1268.6608  0.7132 
   00666    0.3900   -1288.8248  0.7190 
   00667    0.4275   -1297.4798  0.7142 
   00668    0.4250   -1313.9696  0.7239 
   00669    0.3950   -1310.9358  0.7358 
   00670    0.4350   -1288.6677  0.7302 
   00671    0.4000   -1279.6063  0.7342 
   00672    0.3925   -1285.5835  0.7223 
   00673    0.3900   -1289.8610  0.7269 
   00674    0.3850   -1262.5056  0.7203 
   00675    0.4125   -1257.3680  0.7229 
   00676    0.4000   -1260.1055  0.7340 
   00677    0.3850   -1264.1135  0.7272 
   00678    0.4225   -1264.7466  0.7303 
   00679    0.4075   -1273.8430  0.7394 
   00680    0.3825   -1284.8928  0.7480 
   00681    0.3925   -1276.1845  0.7478 
   00682    0.4025   -1253.4212  0.7280 
   00683    0.4225   -1268.1195  0.7259 
   00684    0.3925   -1255.5894  0.7293 
   00685    0.4300   -1275.1491  0.7395 
   00686    0.3575   -1267.4794  0.7333 
   00687    0.4250   -1274.3706  0.7440 
   00688    0.4250   -1261.0298  0.7462 
   00689    0.3925   -1264.4421  0.7274 
   00690    0.3950   -1266.8975  0.7251 
   00691    0.4275   -1244.7694  0.7106 
   00692    0.4375   -1237.5159  0.7157 
   00693    0.4250   -1237.6180  0.7241 
   00694    0.4475   -1247.2782  0.7305 
   00695    0.4050   -1265.8040  0.7468 
   00696    0.4250   -1244.7376  0.7340 
   00697    0.4225   -1245.8715  0.7381 
   00698    0.3900   -1252.9812  0.7390 
   00699    0.3850   -1232.3853  0.7429 
   00700    0.4150   -1245.9300  0.7548 
   00701    0.4075   -1239.4177  0.7538 
   00702    0.4550   -1244.8164  0.7596 
   00703    0.4175   -1256.1639  0.7631 
   00704    0.4000   -1256.4631  0.7586 
   00705    0.4025   -1235.7491  0.7387 
   00706    0.4250   -1251.7588  0.7523 
   00707    0.4075   -1265.2023  0.7508 
   00708    0.4100   -1269.2547  0.7476 
   00709    0.4175   -1273.4174  0.7566 
   00710    0.4075   -1308.3658  0.7606 
   00711    0.4000   -1294.9586  0.7621 
   00712    0.3750   -1287.3786  0.7535 
   00713    0.3650   -1262.5259  0.7605 
   00714    0.3850   -1272.6583  0.7590 
   00715    0.3625   -1263.2205  0.7547 
   00716    0.4150   -1281.4358  0.7443 
   00717    0.3850   -1279.9535  0.7413 
   00718    0.3850   -1257.4224  0.7300 
   00719    0.4175   -1254.0784  0.7154 
   00720    0.4175   -1270.9804  0.7189 
   00721    0.3725   -1287.4369  0.7186 
   00722    0.3675   -1283.9947  0.7171 
   00723    0.4025   -1282.7933  0.7259 
   00724    0.4075   -1290.3580  0.7291 
   00725    0.3825   -1279.5208  0.7345 
   00726    0.4275   -1283.6379  0.7212 
   00727    0.3850   -1285.2862  0.7291 
   00728    0.4175   -1305.9065  0.7432 
   00729    0.4200   -1306.4680  0.7282 
   00730    0.4025   -1283.4387  0.7044 
   00731    0.3750   -1295.1896  0.7114 
   00732    0.4100   -1315.5341  0.7094 
   00733    0.4050   -1306.6136  0.7098 
   00734    0.4350   -1285.4658  0.7021 
   00735    0.3600   -1267.2425  0.6914 
   00736    0.3925   -1284.6478  0.7013 
   00737    0.4200   -1271.9586  0.6905 
   00738    0.4225   -1264.9728  0.6956 
   00739    0.3625   -1279.3846  0.7026 
   00740    0.4150   -1282.8686  0.7130 
   00741    0.3975   -1287.2238  0.7115 
   00742    0.4050   -1272.2903  0.6959 
   00743    0.4150   -1265.8156  0.6882 
   00744    0.3975   -1245.7913  0.6779 
   00745    0.4225   -1245.6371  0.6771 
   00746    0.4175   -1237.7059  0.6769 
   00747    0.4150   -1266.3746  0.6780 
   00748    0.3925   -1260.2956  0.6735 
   00749    0.3850   -1272.0004  0.6856 
   00750    0.4100   -1293.9941  0.6964 
   00751    0.4225   -1286.3086  0.6888 
   00752    0.4000   -1268.8215  0.7057 
   00753    0.4150   -1285.5410  0.7055 
   00754    0.3950   -1272.3031  0.7002 
   00755    0.4200   -1270.4299  0.6858 
   00756    0.3900   -1284.3056  0.6905 
   00757    0.4375   -1287.9290  0.6792 
   00758    0.3825   -1294.3360  0.6860 
   00759    0.3850   -1293.2223  0.6792 
   00760    0.4225   -1270.7310  0.6806 
   00761    0.4000   -1251.8310  0.6755 
   00762    0.3525   -1280.0008  0.6796 
   00763    0.3700   -1277.3155  0.6899 
   00764    0.4500   -1292.5033  0.7014 
   00765    0.3925   -1270.2544  0.6958 
   00766    0.4300   -1282.8502  0.7020 
   00767    0.3550   -1266.7157  0.7101 
   00768    0.3625   -1255.8899  0.6846 
   00769    0.4175   -1260.1721  0.6880 
   00770    0.3925   -1273.5639  0.6821 
   00771    0.3925   -1300.9047  0.6885 
   00772    0.3825   -1319.6774  0.7052 
   00773    0.3875   -1293.1956  0.7045 
   00774    0.4200   -1289.3326  0.7130 
   00775    0.3775   -1291.1280  0.7055 
   00776    0.3750   -1274.5160  0.6953 
   00777    0.4050   -1271.4101  0.6919 
   00778    0.4025   -1275.0715  0.6927 
   00779    0.4325   -1276.1393  0.6775 
   00780    0.3600   -1282.1053  0.6876 
   00781    0.4100   -1300.2776  0.6950 
   00782    0.4175   -1294.7266  0.6901 
   00783    0.4250   -1279.4921  0.6960 
   00784    0.4275   -1277.9119  0.7136 
   00785    0.4450   -1269.3429  0.7137 
   00786    0.4525   -1264.1342  0.6960 
   00787    0.4550   -1243.4955  0.6899 
   00788    0.4050   -1288.9119  0.7062 
   00789    0.3950   -1287.5391  0.7142 
   00790    0.3975   -1289.4324  0.7145 
   00791    0.3975   -1312.2599  0.7329 
   00792    0.4025   -1288.9724  0.7313 
   00793    0.3700   -1294.7706  0.7425 
   00794    0.3750   -1282.3868  0.7394 
   00795    0.3900   -1301.1632  0.7468 
   00796    0.3750   -1295.3460  0.7460 
   00797    0.3525   -1320.7182  0.7633 
   00798    0.4250   -1310.4043  0.7617 
   00799    0.4000   -1305.2818  0.7475 
   00800    0.3425   -1313.8288  0.7535 
   00801    0.3800   -1290.6448  0.7377 
   00802    0.4300   -1264.9218  0.7344 
   00803    0.4100   -1255.5857  0.7024 
   00804    0.4525   -1267.7063  0.7157 
   00805    0.4500   -1261.0503  0.7210 
   00806    0.4250   -1275.8374  0.7289 
   00807    0.4325   -1269.0917  0.7276 
   00808    0.4250   -1296.0872  0.7532 
   00809    0.3750   -1289.3027  0.7457 
   00810    0.3575   -1284.2726  0.7414 
   00811    0.3975   -1300.3759  0.7519 
   00812    0.4075   -1287.2187  0.7526 
   00813    0.4000   -1283.2749  0.7600 
   00814    0.3700   -1276.4191  0.7551 
   00815    0.4100   -1289.6260  0.7485 
   00816    0.3800   -1304.8913  0.7629 
   00817    0.4150   -1281.4988  0.7534 
   00818    0.4425   -1272.2650  0.7349 
   00819    0.4225   -1274.6668  0.7396 
   00820    0.4250   -1252.9073  0.7218 
   00821    0.4500   -1249.6675  0.7182 
   00822    0.3850   -1260.1056  0.7368 
   00823    0.3775   -1244.8312  0.7311 
   00824    0.4100   -1246.8563  0.7171 
   00825    0.4450   -1269.1303  0.7276 
   00826    0.4000   -1252.8449  0.7381 
   00827    0.3700   -1271.0994  0.7407 
   00828    0.4175   -1248.7471  0.7397 
   00829    0.4000   -1257.5364  0.7442 
   00830    0.3875   -1282.1133  0.7482 
   00831    0.3625   -1297.7675  0.7548 
   00832    0.3975   -1303.7327  0.7657 
   00833    0.4550   -1303.5869  0.7722 
   00834    0.4175   -1285.9637  0.7751 
   00835    0.3975   -1294.7909  0.7763 
   00836    0.3600   -1271.0287  0.7663 
   00837    0.3825   -1279.8027  0.7777 
   00838    0.4175   -1258.2782  0.7768 
   00839    0.3925   -1289.3528  0.7814 
   00840    0.3650   -1290.1259  0.7644 
   00841    0.4375   -1289.0064  0.7594 
   00842    0.4100   -1297.9223  0.7707 
   00843    0.3625   -1288.7668  0.7662 
   00844    0.3650   -1305.5789  0.7720 
   00845    0.3750   -1308.3052  0.7722 
   00846    0.4125   -1303.7366  0.7708 
   00847    0.3875   -1297.9823  0.7802 
   00848    0.4225   -1275.5245  0.7874 
   00849    0.4050   -1292.1088  0.7882 
   00850    0.4100   -1283.3461  0.7746 
   00851    0.4025   -1287.4333  0.7493 
   00852    0.3975   -1282.3280  0.7362 
   00853    0.4075   -1306.9597  0.7369 
   00854    0.4000   -1291.9958  0.7272 
   00855    0.4400   -1286.2577  0.7237 
   00856    0.4125   -1245.2891  0.7272 
   00857    0.4075   -1265.9523  0.7276 
   00858    0.4050   -1283.4763  0.7406 
   00859    0.3850   -1281.8315  0.7374 
   00860    0.3825   -1259.5015  0.7367 
   00861    0.3800   -1268.8214  0.7453 
   00862    0.4000   -1298.4483  0.7451 
   00863    0.3925   -1292.6434  0.7423 
   00864    0.4350   -1300.6550  0.7422 
   00865    0.3925   -1291.4166  0.7219 
   00866    0.3800   -1286.6841  0.7057 
   00867    0.4075   -1267.2624  0.6960 
   00868    0.4175   -1274.8665  0.6986 
   00869    0.4100   -1268.4898  0.7006 
   00870    0.3950   -1278.4498  0.7055 
   00871    0.3975   -1269.5200  0.7042 
   00872    0.4275   -1267.2495  0.7051 
   00873    0.4125   -1290.5545  0.7228 
   00874    0.3925   -1273.8079  0.7161 
   00875    0.4050   -1279.0512  0.7213 
   00876    0.4125   -1264.3193  0.7063 
   00877    0.4250   -1280.4988  0.7247 
   00878    0.4100   -1297.0408  0.7169 
   00879    0.4125   -1285.5345  0.7155 
   00880    0.3750   -1269.6593  0.7203 
   00881    0.3900   -1260.4358  0.7156 
   00882    0.4025   -1251.8280  0.7166 
   00883    0.4650   -1273.4993  0.7288 
   00884    0.3950   -1251.4495  0.7284 
   00885    0.3600   -1259.1885  0.7349 
   00886    0.4075   -1258.4054  0.7396 
   00887    0.4225   -1258.3246  0.7333 
   00888    0.4025   -1238.3212  0.7267 
   00889    0.4175   -1256.4668  0.7210 
   00890    0.4125   -1264.4470  0.7227 
   00891    0.3600   -1250.0915  0.7262 
   00892    0.4125   -1276.0034  0.7408 
   00893    0.3925   -1282.0811  0.7418 
   00894    0.3925   -1267.2909  0.7323 
   00895    0.3600   -1274.8818  0.7320 
   00896    0.4100   -1282.7406  0.7442 
   00897    0.3925   -1266.4848  0.7493 
   00898    0.4600   -1252.9901  0.7572 
   00899    0.4075   -1272.0829  0.7751 
   00900    0.4050   -1287.0560  0.7791 
   00901    0.3800   -1262.7559  0.7801 
   00902    0.4525   -1245.4129  0.7760 
   00903    0.4125   -1249.0406  0.7743 
   00904    0.4125   -1271.5019  0.7974 
   00905    0.4300   -1271.7782  0.7907 
   00906    0.4125   -1263.9484  0.7922 
   00907    0.4825   -1269.4008  0.8013 
   00908    0.3725   -1274.1979  0.7991 
   00909    0.3950   -1294.0289  0.7984 
   00910    0.4000   -1313.1937  0.8110 
   00911    0.4000   -1289.3717  0.7944 
   00912    0.3875   -1300.5266  0.7972 
   00913    0.4175   -1322.1884  0.8197 
   00914    0.3975   -1304.2236  0.8043 
   00915    0.4175   -1310.9671  0.8073 
   00916    0.4300   -1305.8521  0.8061 
   00917    0.3875   -1308.6003  0.8169 
   00918    0.4000   -1320.8866  0.8187 
   00919    0.4175   -1327.1729  0.8166 
   00920    0.3600   -1316.2305  0.8149 
   00921    0.4125   -1340.6000  0.8154 
   00922    0.3950   -1350.7104  0.8091 
   00923    0.3925   -1344.0156  0.8115 
   00924    0.4150   -1349.6860  0.8127 
   00925    0.3700   -1347.1082  0.8048 
   00926    0.3900   -1296.7148  0.7793 
   00927    0.4375   -1275.1425  0.7594 
   00928    0.3425   -1265.7067  0.7520 
   00929    0.3850   -1275.5200  0.7533 
   00930    0.4000   -1283.9318  0.7500 
   00931    0.4300   -1302.8563  0.7556 
   00932    0.4025   -1341.4644  0.7800 
   00933    0.3950   -1285.4161  0.7616 
   00934    0.3550   -1277.4874  0.7640 
   00935    0.4025   -1266.9216  0.7578 
   00936    0.3850   -1288.8491  0.7667 
   00937    0.4075   -1306.7151  0.7812 
   00938    0.3800   -1316.8173  0.7852 
   00939    0.4125   -1321.3164  0.7904 
   00940    0.3300   -1344.1136  0.7919 
   00941    0.4000   -1321.0072  0.7787 
   00942    0.3600   -1320.7505  0.7910 
   00943    0.4075   -1318.9820  0.7884 
   00944    0.4175   -1290.5530  0.7921 
   00945    0.4150   -1265.5217  0.7810 
   00946    0.4100   -1287.1935  0.7844 
   00947    0.4250   -1303.5166  0.7909 
   00948    0.4025   -1320.5067  0.8031 
   00949    0.4125   -1308.0567  0.7842 
   00950    0.4050   -1313.1095  0.7909 
   00951    0.3925   -1276.1264  0.7815 
   00952    0.4400   -1268.5438  0.7952 
   00953    0.4650   -1252.2145  0.7861 
   00954    0.4000   -1219.2501  0.7762 
   00955    0.4450   -1277.7768  0.7936 
   00956    0.3775   -1269.2567  0.8022 
   00957    0.4550   -1252.7196  0.7843 
   00958    0.4000   -1266.3843  0.7971 
   00959    0.3425   -1285.7208  0.8112 
   00960    0.3500   -1297.1852  0.8225 
   00961    0.3850   -1290.5325  0.8266 
   00962    0.3700   -1287.8498  0.8228 
   00963    0.4650   -1297.9196  0.8216 
   00964    0.3700   -1300.9685  0.8309 
   00965    0.4250   -1301.6555  0.8138 
   00966    0.4050   -1298.2370  0.8169 
   00967    0.3875   -1305.9807  0.8156 
   00968    0.4250   -1280.7936  0.8000 
   00969    0.4450   -1286.1028  0.7933 
   00970    0.3650   -1282.8257  0.7773 
   00971    0.3650   -1296.0862  0.7793 
   00972    0.4075   -1302.3560  0.7755 
   00973    0.3850   -1295.3557  0.7828 
   00974    0.3950   -1289.0963  0.7905 
   00975    0.4750   -1301.4753  0.8075 
   00976    0.3900   -1291.7893  0.8006 
   00977    0.4175   -1280.0679  0.7855 
   00978    0.3700   -1293.8653  0.7784 
   00979    0.3800   -1305.3795  0.7778 
   00980    0.4050   -1304.7094  0.7819 
   00981    0.3625   -1305.2059  0.7787 
   00982    0.3550   -1300.2964  0.7807 
   00983    0.4000   -1298.2499  0.7801 
   00984    0.3775   -1299.3769  0.7848 
   00985    0.4175   -1295.8268  0.7774 
   00986    0.4075   -1300.0068  0.7808 
   00987    0.3750   -1301.5448  0.7868 
   00988    0.3675   -1303.5546  0.7850 
   00989    0.4425   -1304.6759  0.7904 
   00990    0.3800   -1305.8063  0.7834 
   00991    0.4500   -1297.5804  0.7869 
   00992    0.4000   -1296.6550  0.7927 
   00993    0.4350   -1246.0588  0.7726 
   00994    0.4125   -1248.1700  0.7612 
   00995    0.3850   -1273.0266  0.7761 
   00996    0.3775   -1272.8189  0.7787 
   00997    0.3750   -1287.6167  0.7704 
   00998    0.4175   -1280.4573  0.7531 
   00999    0.4025   -1272.0187  0.7468 
   01000    0.4075   -1289.9851  0.7549 
