#=====================================================
# File created:        Mon-03-Nov-2025-at-08-56-57PM
# Size of lattice:     20x20
# Number of MC steps:  1000
# Reduced temperature: 0.650
# Run time (s):        9.412859
#=====================================================
# MC step:  Ratio:     Energy:   Order:
#=====================================================
   00000    0.5000    -368.6311  0.2817 
   00001    0.7045    -593.1748  0.2966 
   00002    0.6273    -744.8027  0.2832 
   00003    0.5409    -816.9872  0.3245 
   00004    0.4841    -880.2294  0.3312 
   00005    0.5614    -922.7323  0.3097 
   00006    0.5455    -988.6179  0.3547 
   00007    0.5000   -1039.0382  0.3562 
   00008    0.4500   -1053.3877  0.3531 
   00009    0.4477   -1066.3819  0.3494 
   00010    0.4659   -1063.8911  0.3481 
   00011    0.4795   -1065.6335  0.3583 
   00012    0.4636   -1084.2696  0.3500 
   00013    0.4295   -1085.6238  0.3495 
   00014    0.4818   -1085.2397  0.3508 
   00015    0.4114   -1107.3922  0.3410 
   00016    0.4705   -1129.1065  0.3316 
   00017    0.4273   -1178.6263  0.3495 
   00018    0.4091   -1174.6223  0.3480 
   00019    0.4432   -1174.1072  0.3465 
   00020    0.4227   -1187.8795  0.3468 
   00021    0.4295   -1201.3901  0.3704 
   00022    0.4045   -1173.0068  0.3652 
   00023    0.4250   -1171.9018  0.3538 
   00024    0.3955   -1197.5341  0.3606 
   00025    0.3773   -1217.9377  0.3654 
   00026    0.4295   -1217.9208  0.3774 
   00027    0.3977   -1224.6819  0.3645 
   00028    0.4250   -1195.9515  0.3613 
   00029    0.4250   -1209.5307  0.3600 
   00030    0.3795   -1210.6656  0.3737 
   00031    0.4477   -1225.6931  0.3785 
   00032    0.3977   -1212.5941  0.3573 
   00033    0.4182   -1180.0694  0.3472 
   00034    0.4614   -1188.9230  0.3793 
   00035    0.4227   -1211.0104  0.3849 
   00036    0.4091   -1198.3563  0.3994 
   00037    0.4091   -1217.9006  0.4085 
   00038    0.4000   -1210.4278  0.4045 
   00039    0.3682   -1203.2963  0.4143 
   00040    0.4523   -1160.8828  0.4028 
   00041    0.4205   -1143.4039  0.4216 
   00042    0.4205   -1140.7654  0.4321 
   00043    0.4659   -1127.7317  0.4378 
   00044    0.4523   -1127.3469  0.4356 
   00045    0.4364   -1126.6613  0.4306 
   00046    0.4455   -1122.5770  0.4263 
   00047    0.4045   -1138.6251  0.4447 
   00048    0.4591   -1131.0977  0.4247 
   00049    0.4659   -1147.1840  0.4260 
   00050    0.4409   -1130.3724  0.4206 
   00051    0.4273   -1141.8410  0.4154 
   00052    0.4886   -1145.5723  0.4057 
   00053    0.4568   -1173.8007  0.4051 
   00054    0.4409   -1165.9215  0.4063 
   00055    0.4477   -1174.9227  0.4038 
   00056    0.4386   -1182.1392  0.4094 
   00057    0.4182   -1174.8702  0.4107 
   00058    0.4500   -1195.7911  0.4140 
   00059    0.4068   -1199.0908  0.4155 
   00060    0.4091   -1202.5001  0.4140 
   00061    0.4114   -1191.9866  0.3961 
   00062    0.4750   -1184.6288  0.4092 
   00063    0.3795   -1206.3107  0.4091 
   00064    0.4273   -1181.1076  0.4181 
   00065    0.4386   -1183.7347  0.4056 
   00066    0.4545   -1193.7339  0.3785 
   00067    0.4750   -1199.4054  0.3935 
   00068    0.4205   -1198.6481  0.3831 
   00069    0.4318   -1207.3318  0.4029 
   00070    0.4500   -1190.3351  0.4004 
   00071    0.4023   -1201.7129  0.3867 
   00072    0.4591   -1195.1047  0.3711 
   00073    0.4500   -1176.1985  0.3793 
   00074    0.4182   -1175.4312  0.3674 
   00075    0.4227   -1158.8501  0.3614 
   00076    0.4318   -1136.6206  0.3825 
   00077    0.4136   -1184.3742  0.3904 
   00078    0.4136   -1193.4239  0.3972 
   00079    0.4250   -1177.4570  0.4010 
   00080    0.4250   -1194.3370  0.4025 
   00081    0.4159   -1191.0355  0.4146 
   00082    0.4500   -1203.6962  0.4133 
   00083    0.4159   -1206.3539  0.4216 
   00084    0.4273   -1192.9441  0.4125 
   00085    0.4182   -1193.4309  0.4030 
   00086    0.4182   -1198.0735  0.3740 
   00087    0.4318   -1180.3484  0.3690 
   00088    0.4114   -1213.2244  0.3508 
   00089    0.4455   -1204.9835  0.3537 
   00090    0.4273   -1216.0051  0.3343 
   00091    0.4364   -1206.5142  0.3441 
   00092    0.4182   -1182.7112  0.3492 
   00093    0.4409   -1182.1579  0.3509 
   00094    0.4295   -1179.0921  0.3574 
   00095    0.4455   -1181.9788  0.3518 
   00096    0.4159   -1208.5173  0.3552 
   00097    0.4023   -1228.7580  0.3633 
   00098    0.4705   -1201.7278  0.3654 
   00099    0.4477   -1199.6085  0.3870 
   00100    0.4295   -1211.1479  0.3814 
   00101    0.4477   -1213.5443  0.3826 
   00102    0.3750   -1215.8862  0.3844 
   00103    0.4091   -1222.9391  0.3760 
   00104    0.4273   -1238.7067  0.3717 
   00105    0.4023   -1211.2155  0.3711 
   00106    0.4205   -1212.9610  0.3733 
   00107    0.3636   -1211.6496  0.3626 
   00108    0.4341   -1225.3596  0.3536 
   00109    0.4568   -1236.4539  0.3433 
   00110    0.3705   -1256.5352  0.3357 
   00111    0.4182   -1271.5318  0.3244 
   00112    0.3636   -1258.9628  0.3248 
   00113    0.3636   -1245.7671  0.3363 
   00114    0.4023   -1224.0519  0.3641 
   00115    0.3909   -1214.8338  0.3729 
   00116    0.4273   -1237.3361  0.3656 
   00117    0.4523   -1240.5003  0.3750 
   00118    0.4227   -1250.7629  0.3823 
   00119    0.4136   -1232.5919  0.3815 
   00120    0.3773   -1228.6135  0.3840 
   00121    0.4500   -1210.6793  0.4069 
   00122    0.3932   -1208.7904  0.4118 
   00123    0.4205   -1207.4153  0.4221 
   00124    0.4455   -1174.7695  0.4077 
   00125    0.4159   -1203.6053  0.4363 
   00126    0.3977   -1201.1217  0.4193 
   00127    0.4182   -1200.8971  0.4334 
   00128    0.4477   -1235.3170  0.4285 
   00129    0.4023   -1206.7761  0.4326 
   00130    0.4273   -1208.5353  0.4239 
   00131    0.4295   -1216.0089  0.4412 
   00132    0.4068   -1184.0138  0.4484 
   00133    0.4250   -1190.2486  0.4637 
   00134    0.4227   -1185.8012  0.4492 
   00135    0.4295   -1205.2385  0.4483 
   00136    0.4341   -1180.3556  0.4369 
   00137    0.4114   -1192.5407  0.4352 
   00138    0.4159   -1224.3473  0.4309 
   00139    0.3955   -1236.3727  0.4346 
   00140    0.4386   -1241.7073  0.4375 
   00141    0.4409   -1206.5397  0.4333 
   00142    0.3886   -1233.0959  0.4358 
   00143    0.4182   -1223.7036  0.4431 
   00144    0.4455   -1200.2578  0.4172 
   00145    0.4273   -1206.7473  0.4304 
   00146    0.4227   -1214.0180  0.4388 
   00147    0.4614   -1200.3329  0.4231 
   00148    0.4364   -1225.6231  0.4278 
   00149    0.3886   -1215.4046  0.4260 
   00150    0.4205   -1198.5530  0.4465 
   00151    0.4386   -1222.8572  0.4516 
   00152    0.4136   -1234.3530  0.4527 
   00153    0.4318   -1211.2220  0.4503 
   00154    0.4136   -1219.0069  0.4525 
   00155    0.4159   -1222.8088  0.4431 
   00156    0.4023   -1238.1795  0.4425 
   00157    0.4114   -1245.6917  0.4442 
   00158    0.3500   -1243.4973  0.4501 
   00159    0.4000   -1259.0648  0.4217 
   00160    0.4068   -1234.2381  0.4153 
   00161    0.4136   -1240.7805  0.4124 
   00162    0.4136   -1234.2703  0.4157 
   00163    0.4114   -1241.5298  0.3980 
   00164    0.4023   -1241.3549  0.3901 
   00165    0.4136   -1228.5554  0.3732 
   00166    0.4273   -1211.2190  0.3730 
   00167    0.4250   -1222.5671  0.3724 
   00168    0.4500   -1218.1715  0.3622 
   00169    0.4136   -1218.5847  0.3651 
   00170    0.3955   -1217.4017  0.3659 
   00171    0.4386   -1215.2157  0.3606 
   00172    0.4682   -1207.7415  0.3575 
   00173    0.4500   -1212.2565  0.3771 
   00174    0.4455   -1215.8348  0.3589 
   00175    0.3886   -1221.5432  0.3617 
   00176    0.4455   -1236.2905  0.3733 
   00177    0.3955   -1229.6391  0.3792 
   00178    0.4545   -1245.7498  0.3708 
   00179    0.4409   -1213.8705  0.3527 
   00180    0.4159   -1222.4175  0.3675 
   00181    0.4477   -1219.8554  0.3675 
   00182    0.3636   -1209.3925  0.3734 
   00183    0.4432   -1181.8199  0.3731 
   00184    0.4023   -1186.2791  0.3811 
   00185    0.4273   -1199.8225  0.3888 
   00186    0.4068   -1209.6027  0.4163 
   00187    0.4386   -1205.7884  0.4433 
   00188    0.4250   -1206.3954  0.4250 
   00189    0.4045   -1231.1610  0.4209 
   00190    0.4023   -1236.3350  0.4076 
   00191    0.4409   -1221.1385  0.4050 
   00192    0.4318   -1202.5428  0.3864 
   00193    0.4250   -1210.3472  0.3655 
   00194    0.4364   -1209.8605  0.3835 
   00195    0.3841   -1220.9189  0.3808 
   00196    0.4182   -1209.9485  0.3847 
   00197    0.4227   -1180.0624  0.3839 
   00198    0.4591   -1190.4112  0.3934 
   00199    0.4795   -1184.6720  0.4088 
   00200    0.3909   -1187.5357  0.4136 
   00201    0.4250   -1197.5745  0.4217 
   00202    0.3795   -1211.2091  0.4203 
   00203    0.4341   -1225.9994  0.4145 
   00204    0.4023   -1246.5607  0.4001 
   00205    0.4318   -1252.5718  0.4151 
   00206    0.3932   -1246.6442  0.4163 
   00207    0.4273   -1246.9467  0.4096 
   00208    0.4136   -1252.1868  0.4125 
   00209    0.4318   -1248.0403  0.3844 
   00210    0.3818   -1234.7550  0.3775 
   00211    0.4023   -1226.8549  0.3889 
   00212    0.3773   -1227.9403  0.3902 
   00213    0.4136   -1223.3855  0.3818 
   00214    0.3773   -1234.4593  0.3940 
   00215    0.4205   -1221.6543  0.3847 
   00216    0.3750   -1238.1297  0.4022 
   00217    0.4045   -1234.9553  0.4173 
   00218    0.4364   -1234.7236  0.4242 
   00219    0.3795   -1240.1869  0.4245 
   00220    0.4273   -1261.0728  0.4458 
   00221    0.4114   -1241.6582  0.4558 
   00222    0.3682   -1236.5329  0.4745 
   00223    0.4091   -1253.9682  0.4911 
   00224    0.4614   -1242.7254  0.4897 
   00225    0.4295   -1229.8042  0.4764 
   00226    0.4386   -1218.3628  0.4544 
   00227    0.4432   -1244.5705  0.4529 
   00228    0.4432   -1245.0777  0.4576 
   00229    0.3795   -1254.5300  0.4762 
   00230    0.4250   -1246.1333  0.4819 
   00231    0.4000   -1285.3671  0.5085 
   00232    0.3932   -1275.2112  0.5107 
   00233    0.3864   -1269.1142  0.5205 
   00234    0.4045   -1257.1080  0.5141 
   00235    0.4159   -1226.5043  0.5014 
   00236    0.4455   -1244.6700  0.4983 
   00237    0.4068   -1217.4489  0.4987 
   00238    0.4000   -1240.6126  0.4881 
   00239    0.4295   -1244.9760  0.4900 
   00240    0.4432   -1239.1152  0.4999 
   00241    0.3886   -1239.0548  0.4881 
   00242    0.3636   -1239.1657  0.4878 
   00243    0.3909   -1244.4533  0.5037 
   00244    0.4273   -1232.0923  0.5018 
   00245    0.4182   -1222.5424  0.4769 
   00246    0.3932   -1225.7265  0.4747 
   00247    0.4227   -1217.2964  0.4732 
   00248    0.3864   -1221.6422  0.4882 
   00249    0.3773   -1214.0696  0.5028 
   00250    0.4295   -1215.5182  0.5091 
   00251    0.4455   -1238.6795  0.5096 
   00252    0.4318   -1232.2058  0.4978 
   00253    0.3682   -1229.2179  0.5033 
   00254    0.3909   -1246.4915  0.5057 
   00255    0.3955   -1247.5297  0.5139 
   00256    0.3864   -1239.1603  0.5329 
   00257    0.3750   -1236.1464  0.5338 
   00258    0.3841   -1259.1004  0.5234 
   00259    0.3955   -1246.3034  0.5091 
   00260    0.4182   -1246.7019  0.5152 
   00261    0.3977   -1257.6383  0.5198 
   00262    0.4091   -1254.7185  0.5252 
   00263    0.3977   -1243.8463  0.5302 
   00264    0.3932   -1247.8382  0.5325 
   00265    0.4114   -1246.0352  0.5160 
   00266    0.4136   -1282.4444  0.5164 
   00267    0.3795   -1265.6554  0.5375 
   00268    0.4000   -1245.0920  0.5477 
   00269    0.4091   -1246.9430  0.5442 
   00270    0.4136   -1257.1617  0.5556 
   00271    0.4091   -1255.2526  0.5729 
   00272    0.4000   -1247.3789  0.5727 
   00273    0.3523   -1231.5033  0.5912 
   00274    0.3705   -1221.0325  0.5847 
   00275    0.4182   -1201.2008  0.5818 
   00276    0.4295   -1214.1490  0.5688 
   00277    0.4159   -1254.3259  0.5927 
   00278    0.4523   -1229.3211  0.5806 
   00279    0.4068   -1215.6421  0.5982 
   00280    0.4091   -1227.4939  0.5994 
   00281    0.4364   -1256.7545  0.6056 
   00282    0.3614   -1266.3825  0.5963 
   00283    0.4273   -1251.7396  0.5827 
   00284    0.3591   -1260.0015  0.5797 
   00285    0.4273   -1260.7190  0.5779 
   00286    0.3455   -1247.1977  0.5696 
   00287    0.4068   -1247.2570  0.5791 
   00288    0.4205   -1263.9413  0.5694 
   00289    0.4227   -1269.8475  0.5796 
   00290    0.4023   -1249.8972  0.5886 
   00291    0.4250   -1265.5594  0.5979 
   00292    0.3477   -1267.5899  0.6069 
   00293    0.4182   -1243.1948  0.5897 
   00294    0.4023   -1243.4202  0.6010 
   00295    0.4318   -1248.0393  0.6011 
   00296    0.4341   -1262.4339  0.6099 
   00297    0.4159   -1277.2670  0.6032 
   00298    0.4273   -1249.5952  0.6046 
   00299    0.4182   -1231.9910  0.5919 
   00300    0.4045   -1262.4356  0.5903 
   00301    0.3864   -1257.6264  0.5999 
   00302    0.3864   -1232.7270  0.5945 
   00303    0.3864   -1251.9010  0.5931 
   00304    0.4295   -1231.5085  0.5845 
   00305    0.4136   -1233.7410  0.5763 
   00306    0.3864   -1242.5759  0.5849 
   00307    0.4114   -1264.5241  0.5909 
   00308    0.4250   -1267.9108  0.5765 
   00309    0.4227   -1264.7098  0.5981 
   00310    0.3750   -1274.2338  0.6014 
   00311    0.4045   -1285.0824  0.5780 
   00312    0.3841   -1311.3151  0.5880 
   00313    0.3455   -1310.7965  0.6057 
   00314    0.3659   -1294.1860  0.5918 
   00315    0.4023   -1294.8858  0.5980 
   00316    0.4477   -1265.3287  0.5871 
   00317    0.3977   -1273.4055  0.5868 
   00318    0.4091   -1243.4926  0.5767 
   00319    0.3409   -1257.7174  0.5738 
   00320    0.4227   -1234.2832  0.5462 
   00321    0.4727   -1222.5257  0.5434 
   00322    0.4295   -1211.0436  0.5452 
   00323    0.4545   -1202.4050  0.5558 
   00324    0.4045   -1183.6487  0.5508 
   00325    0.4341   -1194.8427  0.5541 
   00326    0.4205   -1193.8349  0.5571 
   00327    0.4182   -1217.8900  0.5755 
   00328    0.4182   -1207.0859  0.5656 
   00329    0.3932   -1203.5347  0.5827 
   00330    0.4455   -1215.8336  0.6020 
   00331    0.4364   -1207.7288  0.5940 
   00332    0.3795   -1199.9635  0.5839 
   00333    0.4091   -1215.1740  0.5895 
   00334    0.4477   -1255.8831  0.6108 
   00335    0.4068   -1226.7855  0.6171 
   00336    0.4386   -1245.0287  0.6241 
   00337    0.4068   -1247.4797  0.6238 
   00338    0.4273   -1227.6825  0.6063 
   00339    0.4227   -1246.8283  0.5950 
   00340    0.3841   -1260.8584  0.5954 
   00341    0.3932   -1264.8825  0.6028 
   00342    0.4114   -1251.8410  0.6033 
   00343    0.4273   -1238.6766  0.5971 
   00344    0.4182   -1272.4738  0.6019 
   00345    0.4068   -1293.5561  0.6211 
   00346    0.3955   -1274.0117  0.6033 
   00347    0.3705   -1248.8536  0.6161 
   00348    0.3591   -1266.0996  0.6220 
   00349    0.4068   -1270.5320  0.6242 
   00350    0.3659   -1247.9964  0.6276 
   00351    0.3705   -1274.9418  0.6284 
   00352    0.3545   -1264.3895  0.6091 
   00353    0.3432   -1288.8447  0.5922 
   00354    0.3977   -1282.6088  0.5804 
   00355    0.3750   -1258.3695  0.5960 
   00356    0.4068   -1274.6755  0.5971 
   00357    0.4455   -1259.7325  0.5893 
   00358    0.3705   -1247.8278  0.5804 
   00359    0.4023   -1219.5029  0.5725 
   00360    0.3932   -1248.7805  0.6072 
   00361    0.4045   -1247.8057  0.5998 
   00362    0.4091   -1243.7276  0.5976 
   00363    0.4341   -1244.0584  0.6102 
   00364    0.4477   -1244.8769  0.6073 
   00365    0.4432   -1246.3466  0.5943 
   00366    0.4091   -1241.9586  0.5943 
   00367    0.3932   -1257.6640  0.5947 
   00368    0.4364   -1276.0467  0.5994 
   00369    0.4318   -1262.7740  0.5926 
   00370    0.4250   -1231.4105  0.5944 
   00371    0.4182   -1248.4454  0.5899 
   00372    0.3818   -1244.6871  0.5939 
   00373    0.3864   -1252.3570  0.6046 
   00374    0.4136   -1235.5690  0.5980 
   00375    0.4227   -1240.4121  0.6051 
   00376    0.3818   -1254.0094  0.6196 
   00377    0.4068   -1243.0383  0.6123 
   00378    0.4227   -1238.5740  0.6210 
   00379    0.4250   -1245.6529  0.6268 
   00380    0.4273   -1228.6159  0.6152 
   00381    0.3841   -1227.5423  0.6120 
   00382    0.4114   -1210.7059  0.6227 
   00383    0.4068   -1215.2536  0.6483 
   00384    0.4136   -1217.9689  0.6488 
   00385    0.4091   -1244.4692  0.6640 
   00386    0.4341   -1222.5428  0.6665 
   00387    0.4386   -1231.3121  0.6480 
   00388    0.4341   -1249.4129  0.6644 
   00389    0.4341   -1254.3074  0.6702 
   00390    0.4318   -1271.5554  0.6790 
   00391    0.4614   -1249.8649  0.6866 
   00392    0.3955   -1258.8326  0.6962 
   00393    0.4045   -1287.3228  0.7011 
   00394    0.4205   -1262.1285  0.6855 
   00395    0.4182   -1248.5830  0.6771 
   00396    0.3545   -1228.5762  0.6703 
   00397    0.4136   -1223.5484  0.6635 
   00398    0.4545   -1205.9489  0.6608 
   00399    0.4227   -1231.6436  0.6679 
   00400    0.4386   -1235.3523  0.6722 
   00401    0.3841   -1233.9327  0.6719 
   00402    0.4568   -1195.3957  0.6576 
   00403    0.4273   -1192.9107  0.6655 
   00404    0.3977   -1207.0568  0.6588 
   00405    0.4136   -1241.3825  0.6764 
   00406    0.4227   -1253.2350  0.6680 
   00407    0.3727   -1258.3114  0.6750 
   00408    0.4386   -1258.0385  0.6580 
   00409    0.4136   -1241.4462  0.6608 
   00410    0.3955   -1252.4094  0.6788 
   00411    0.3682   -1235.2292  0.6784 
   00412    0.3909   -1225.0233  0.6751 
   00413    0.3977   -1234.7036  0.6752 
   00414    0.4114   -1235.4588  0.6749 
   00415    0.4455   -1243.5173  0.6800 
   00416    0.4114   -1218.8276  0.6847 
   00417    0.3727   -1225.1992  0.6849 
   00418    0.4068   -1212.6138  0.6711 
   00419    0.4364   -1213.5755  0.6915 
   00420    0.4136   -1211.6457  0.7014 
   00421    0.3932   -1223.5919  0.7179 
   00422    0.4318   -1227.4881  0.7240 
   00423    0.4182   -1210.2439  0.7274 
   00424    0.4159   -1220.6097  0.7414 
   00425    0.3818   -1238.9768  0.7391 
   00426    0.4432   -1248.2864  0.7492 
   00427    0.3886   -1247.8333  0.7379 
   00428    0.4136   -1249.6285  0.7349 
   00429    0.4250   -1240.9955  0.7217 
   00430    0.3977   -1241.3923  0.7261 
   00431    0.4136   -1268.6684  0.7151 
   00432    0.3932   -1271.1367  0.7180 
   00433    0.4523   -1263.4599  0.7100 
   00434    0.4250   -1244.7973  0.6911 
   00435    0.4341   -1238.2153  0.7055 
   00436    0.4432   -1259.5161  0.7067 
   00437    0.3909   -1273.6795  0.7214 
   00438    0.4386   -1289.0649  0.7400 
   00439    0.3909   -1269.5976  0.7478 
   00440    0.4386   -1268.9684  0.7558 
   00441    0.4091   -1273.9917  0.7490 
   00442    0.4273   -1274.5619  0.7632 
   00443    0.4205   -1266.7907  0.7646 
   00444    0.3705   -1281.6141  0.7666 
   00445    0.4091   -1290.4587  0.7754 
   00446    0.4273   -1305.9547  0.7730 
   00447    0.3977   -1313.6609  0.7704 
   00448    0.4409   -1308.3432  0.7804 
   00449    0.3682   -1303.9136  0.7874 
   00450    0.3750   -1303.2057  0.7856 
   00451    0.4023   -1273.3931  0.7749 
   00452    0.4045   -1283.1425  0.7679 
   00453    0.4182   -1302.3902  0.7959 
   00454    0.3795   -1334.3124  0.7905 
   00455    0.3909   -1308.6531  0.7915 
   00456    0.3955   -1274.6204  0.7778 
   00457    0.4159   -1269.7008  0.7641 
   00458    0.4227   -1301.7096  0.7776 
   00459    0.4227   -1293.8968  0.7822 
   00460    0.3432   -1291.4232  0.7742 
   00461    0.3909   -1265.9467  0.7739 
   00462    0.3636   -1252.5958  0.7701 
   00463    0.3545   -1247.8706  0.7667 
   00464    0.4227   -1249.4489  0.7606 
   00465    0.4091   -1258.8206  0.7506 
   00466    0.4023   -1251.9147  0.7543 
   00467    0.3682   -1243.5285  0.7570 
   00468    0.3932   -1278.2411  0.7514 
   00469    0.4000   -1266.2619  0.7547 
   00470    0.3545   -1261.7919  0.7594 
   00471    0.4136   -1281.7951  0.7726 
   00472    0.4136   -1275.9183  0.7668 
   00473    0.3818   -1274.8975  0.7587 
   00474    0.4409   -1287.6005  0.7687 
   00475    0.3364   -1304.6619  0.7776 
   00476    0.3864   -1276.9739  0.7753 
   00477    0.3773   -1276.6488  0.7851 
   00478    0.3818   -1294.5742  0.7904 
   00479    0.4364   -1283.9763  0.7865 
   00480    0.3727   -1303.4263  0.8004 
   00481    0.4182   -1288.1192  0.8007 
   00482    0.4227   -1297.9692  0.7997 
   00483    0.3773   -1315.3019  0.8077 
   00484    0.4068   -1308.7290  0.8048 
   00485    0.4432   -1299.2169  0.8037 
   00486    0.3977   -1315.1123  0.8137 
   00487    0.3841   -1325.8224  0.8120 
   00488    0.4068   -1320.6642  0.8211 
   00489    0.3636   -1318.9279  0.8216 
   00490    0.3909   -1325.3810  0.8374 
   00491    0.4136   -1323.8706  0.8318 
   00492    0.3705   -1312.3721  0.8269 
   00493    0.4023   -1298.0113  0.8251 
   00494    0.4273   -1300.2362  0.8325 
   00495    0.4045   -1291.4489  0.8125 
   00496    0.3750   -1268.6285  0.8022 
   00497    0.4227   -1270.9156  0.8041 
   00498    0.3773   -1306.5621  0.8115 
   00499    0.3614   -1310.2886  0.8250 
   00500    0.4023   -1309.3360  0.8195 
   00501    0.4091   -1314.8897  0.8180 
   00502    0.4523   -1309.4808  0.8139 
   00503    0.4455   -1299.9453  0.8028 
   00504    0.3386   -1291.0818  0.7910 
   00505    0.3864   -1312.2065  0.7993 
   00506    0.4205   -1285.5775  0.8041 
   00507    0.3932   -1275.4126  0.8116 
   00508    0.3818   -1253.3039  0.7960 
   00509    0.4205   -1257.9023  0.8038 
   00510    0.4341   -1277.4630  0.8084 
   00511    0.4455   -1283.9043  0.8108 
   00512    0.4068   -1288.0445  0.8063 
   00513    0.3636   -1282.1536  0.7938 
   00514    0.3886   -1299.2160  0.8022 
   00515    0.4045   -1281.6695  0.7950 
   00516    0.3568   -1274.4130  0.7879 
   00517    0.3841   -1245.3936  0.7751 
   00518    0.4023   -1242.7388  0.7844 
   00519    0.4114   -1274.2219  0.7885 
   00520    0.3932   -1296.0607  0.7835 
   00521    0.4205   -1318.4656  0.7944 
   00522    0.3886   -1316.7581  0.8017 
   00523    0.3841   -1298.1390  0.7946 
   00524    0.3614   -1263.2499  0.7820 
   00525    0.4205   -1260.7601  0.7789 
   00526    0.3955   -1270.6815  0.7896 
   00527    0.3727   -1276.0626  0.7870 
   00528    0.3795   -1267.1317  0.7790 
   00529    0.3841   -1290.4156  0.7802 
   00530    0.3705   -1263.1755  0.7795 
   00531    0.4182   -1253.8886  0.7590 
   00532    0.4159   -1272.5641  0.7761 
   00533    0.4205   -1278.0622  0.7873 
   00534    0.3750   -1271.5635  0.8051 
   00535    0.4136   -1304.2071  0.8181 
   00536    0.3864   -1298.3148  0.8039 
   00537    0.3659   -1301.6310  0.8045 
   00538    0.4182   -1285.3494  0.8075 
   00539    0.3886   -1267.8973  0.7950 
   00540    0.4205   -1266.3371  0.7826 
   00541    0.4182   -1271.8661  0.7797 
   00542    0.4205   -1278.1016  0.7871 
   00543    0.3864   -1285.2973  0.7847 
   00544    0.3659   -1308.5122  0.7859 
   00545    0.4364   -1289.3222  0.7828 
   00546    0.4091   -1288.1841  0.7923 
   00547    0.3727   -1288.1787  0.7861 
   00548    0.4250   -1285.7675  0.7851 
   00549    0.4091   -1262.0327  0.7839 
   00550    0.4000   -1282.3028  0.7967 
   00551    0.4136   -1293.6161  0.8006 
   00552    0.4386   -1300.0126  0.8001 
   00553    0.4114   -1313.0483  0.8163 
   00554    0.3636   -1309.1850  0.8133 
   00555    0.3795   -1293.2365  0.8085 
   00556    0.4000   -1281.2081  0.7930 
   00557    0.4273   -1282.8094  0.8072 
   00558    0.4091   -1288.3759  0.8167 
   00559    0.4250   -1310.9596  0.8144 
   00560    0.3818   -1307.9725  0.8201 
   00561    0.3841   -1294.9866  0.8129 
   00562    0.3886   -1312.3832  0.8197 
   00563    0.3977   -1308.4406  0.8230 
   00564    0.3795   -1328.2386  0.8280 
   00565    0.3705   -1308.0460  0.8246 
   00566    0.3818   -1299.9287  0.8289 
   00567    0.3659   -1308.8470  0.8237 
   00568    0.4295   -1300.4717  0.8198 
   00569    0.3818   -1297.4049  0.8179 
   00570    0.3977   -1292.5506  0.8093 
   00571    0.4091   -1292.0723  0.8124 
   00572    0.3818   -1297.0246  0.8160 
   00573    0.3705   -1296.7154  0.8210 
   00574    0.4136   -1269.2390  0.8032 
   00575    0.3705   -1294.7168  0.8165 
   00576    0.3705   -1284.4273  0.8115 
   00577    0.3705   -1270.2790  0.8055 
   00578    0.3727   -1284.0505  0.8137 
   00579    0.4205   -1273.1215  0.8112 
   00580    0.3955   -1251.0328  0.7973 
   00581    0.4182   -1263.8393  0.8089 
   00582    0.3932   -1266.4554  0.8024 
   00583    0.4136   -1279.0595  0.8055 
   00584    0.3750   -1281.5672  0.7967 
   00585    0.4250   -1292.0176  0.8050 
   00586    0.4295   -1278.4591  0.7856 
   00587    0.4023   -1291.1205  0.7861 
   00588    0.4295   -1271.7791  0.7718 
   00589    0.4068   -1279.7829  0.7669 
   00590    0.3705   -1275.8005  0.7620 
   00591    0.3864   -1264.7941  0.7552 
   00592    0.3977   -1255.3162  0.7568 
   00593    0.4295   -1220.6504  0.7505 
   00594    0.4341   -1201.5563  0.7433 
   00595    0.3818   -1209.2137  0.7473 
   00596    0.4159   -1229.1331  0.7588 
   00597    0.4114   -1250.9891  0.7781 
   00598    0.4250   -1265.2499  0.7856 
   00599    0.4500   -1259.2024  0.7763 
   00600    0.3591   -1251.7597  0.7793 
   00601    0.3864   -1267.8568  0.7909 
   00602    0.4250   -1259.7465  0.7933 
   00603    0.3864   -1273.9536  0.7781 
   00604    0.4455   -1279.6477  0.7840 
   00605    0.4182   -1285.1590  0.7869 
   00606    0.3977   -1262.3095  0.7829 
   00607    0.4364   -1250.7545  0.7668 
   00608    0.4409   -1263.8817  0.7741 
   00609    0.4000   -1260.7120  0.7624 
   00610    0.4159   -1246.6699  0.7631 
   00611    0.4477   -1247.4497  0.7666 
   00612    0.4545   -1249.2856  0.7690 
   00613    0.4023   -1245.5015  0.7612 
   00614    0.3864   -1204.1560  0.7408 
   00615    0.4227   -1218.5156  0.7450 
   00616    0.4136   -1223.8261  0.7363 
   00617    0.4705   -1233.5384  0.7395 
   00618    0.4091   -1252.4433  0.7571 
   00619    0.4318   -1255.8468  0.7526 
   00620    0.4205   -1242.1378  0.7497 
   00621    0.3909   -1237.5456  0.7362 
   00622    0.4159   -1227.7131  0.7412 
   00623    0.4045   -1243.9148  0.7613 
   00624    0.3841   -1267.0902  0.7750 
   00625    0.4318   -1288.0022  0.8040 
   00626    0.3636   -1295.1142  0.8034 
   00627    0.4273   -1317.4380  0.8139 
   00628    0.4250   -1319.8003  0.8200 
   00629    0.3955   -1310.0003  0.8238 
   00630    0.3614   -1301.4396  0.8242 
   00631    0.3909   -1294.3009  0.8171 
   00632    0.3705   -1275.6432  0.8145 
   00633    0.4068   -1275.8562  0.8058 
   00634    0.4159   -1293.0507  0.8056 
   00635    0.3977   -1290.6987  0.8068 
   00636    0.4091   -1298.7985  0.8164 
   00637    0.4182   -1315.6724  0.8172 
   00638    0.3591   -1311.6126  0.8208 
   00639    0.3909   -1286.5618  0.8060 
   00640    0.4045   -1279.8540  0.8101 
   00641    0.4023   -1301.3717  0.8060 
   00642    0.3500   -1275.0947  0.7914 
   00643    0.4136   -1292.0612  0.7930 
   00644    0.4000   -1280.2021  0.8011 
   00645    0.4477   -1289.6414  0.8045 
   00646    0.3886   -1294.5711  0.8112 
   00647    0.4545   -1280.4862  0.8054 
   00648    0.4205   -1280.9127  0.8111 
   00649    0.3909   -1302.6004  0.8156 
   00650    0.4432   -1315.3119  0.8076 
   00651    0.4023   -1310.9630  0.8098 
   00652    0.3614   -1312.2752  0.8112 
   00653    0.3773   -1282.1788  0.7960 
   00654    0.4182   -1279.7714  0.7981 
   00655    0.3773   -1270.6700  0.7847 
   00656    0.4045   -1260.9422  0.7719 
   00657    0.3909   -1278.5268  0.7763 
   00658    0.4091   -1257.6910  0.7679 
   00659    0.4432   -1253.2771  0.7673 
   00660    0.4000   -1243.7628  0.7619 
   00661    0.3955   -1246.9283  0.7625 
   00662    0.3864   -1241.0170  0.7663 
   00663    0.4091   -1271.1856  0.7887 
   00664    0.4432   -1267.3488  0.7999 
   00665    0.4227   -1261.0027  0.7991 
   00666    0.4000   -1268.6368  0.7857 
   00667    0.4114   -1280.9287  0.7835 
   00668    0.4182   -1272.1835  0.7836 
   00669    0.3432   -1283.3016  0.7851 
   00670    0.4068   -1309.4247  0.8017 
   00671    0.4045   -1292.6602  0.8068 
   00672    0.3841   -1283.0962  0.8067 
   00673    0.4159   -1291.9846  0.8100 
   00674    0.3864   -1291.8603  0.8112 
   00675    0.3977   -1279.9739  0.8075 
   00676    0.3795   -1295.8446  0.7994 
   00677    0.3932   -1298.1556  0.8108 
   00678    0.4159   -1298.1401  0.8026 
   00679    0.3750   -1303.1543  0.7868 
   00680    0.3955   -1298.4508  0.7813 
   00681    0.4068   -1318.5916  0.7872 
   00682    0.3682   -1305.4616  0.7875 
   00683    0.4023   -1296.0532  0.7948 
   00684    0.4136   -1278.5061  0.7851 
   00685    0.4409   -1298.6198  0.7908 
   00686    0.3955   -1293.5323  0.7873 
   00687    0.4136   -1294.5311  0.7861 
   00688    0.3795   -1288.3050  0.7774 
   00689    0.4205   -1298.7271  0.7620 
   00690    0.4114   -1314.6926  0.7713 
   00691    0.3909   -1296.5091  0.7689 
   00692    0.3795   -1283.9787  0.7575 
   00693    0.4068   -1302.4187  0.7637 
   00694    0.4091   -1285.1015  0.7507 
   00695    0.4227   -1275.0821  0.7524 
   00696    0.3364   -1292.9086  0.7744 
   00697    0.4091   -1289.8869  0.7657 
   00698    0.3500   -1263.4208  0.7540 
   00699    0.3818   -1278.8507  0.7485 
   00700    0.4045   -1271.6110  0.7548 
   00701    0.4136   -1276.0353  0.7527 
   00702    0.3659   -1287.8820  0.7521 
   00703    0.4023   -1300.3843  0.7598 
   00704    0.4091   -1288.0959  0.7529 
   00705    0.3750   -1266.2956  0.7644 
   00706    0.3909   -1257.9269  0.7708 
   00707    0.4205   -1242.4618  0.7691 
   00708    0.4318   -1250.8162  0.7689 
   00709    0.3727   -1269.6941  0.7837 
   00710    0.3705   -1268.4304  0.7785 
   00711    0.3955   -1254.2728  0.7564 
   00712    0.3977   -1246.4691  0.7591 
   00713    0.4250   -1252.3072  0.7528 
   00714    0.4045   -1291.0554  0.7746 
   00715    0.3523   -1284.4946  0.7449 
   00716    0.3955   -1268.9481  0.7548 
   00717    0.4205   -1264.5214  0.7567 
   00718    0.3909   -1235.0752  0.7525 
   00719    0.4273   -1235.3538  0.7555 
   00720    0.3727   -1258.5361  0.7713 
   00721    0.4023   -1278.7716  0.7831 
   00722    0.3864   -1242.6725  0.7710 
   00723    0.4250   -1260.7585  0.7585 
   00724    0.4273   -1272.7641  0.7653 
   00725    0.4091   -1275.4487  0.7628 
   00726    0.4045   -1266.9689  0.7566 
   00727    0.3955   -1255.8924  0.7539 
   00728    0.4545   -1266.6582  0.7611 
   00729    0.4045   -1268.3186  0.7625 
   00730    0.4273   -1239.2101  0.7366 
   00731    0.4023   -1233.3087  0.7175 
   00732    0.3818   -1232.2621  0.7136 
   00733    0.4364   -1215.9411  0.7086 
   00734    0.3955   -1217.7304  0.6932 
   00735    0.4636   -1221.2429  0.6826 
   00736    0.4023   -1217.6050  0.6784 
   00737    0.4364   -1218.7877  0.6735 
   00738    0.4295   -1236.8755  0.6774 
   00739    0.4159   -1253.6327  0.6860 
   00740    0.4159   -1266.3620  0.6968 
   00741    0.4182   -1261.8774  0.7048 
   00742    0.4182   -1264.6907  0.6820 
   00743    0.3955   -1276.9392  0.6680 
   00744    0.4386   -1256.6380  0.6851 
   00745    0.4068   -1218.1072  0.6816 
   00746    0.3591   -1235.0220  0.6843 
   00747    0.3523   -1222.4478  0.6857 
   00748    0.4114   -1245.3226  0.6883 
   00749    0.3795   -1274.2508  0.7050 
   00750    0.4091   -1262.4657  0.7064 
   00751    0.3591   -1252.8031  0.7152 
   00752    0.4250   -1263.8068  0.7368 
   00753    0.4227   -1250.8906  0.7275 
   00754    0.4318   -1270.5835  0.7241 
   00755    0.4205   -1267.2168  0.7244 
   00756    0.4023   -1270.0901  0.7349 
   00757    0.4273   -1272.4898  0.7429 
   00758    0.3636   -1290.4839  0.7619 
   00759    0.4045   -1264.9473  0.7543 
   00760    0.3886   -1275.4713  0.7668 
   00761    0.4000   -1290.1625  0.7738 
   00762    0.4091   -1283.7737  0.7603 
   00763    0.3750   -1272.1874  0.7611 
   00764    0.4000   -1268.5759  0.7522 
   00765    0.3841   -1291.8328  0.7617 
   00766    0.4273   -1299.0612  0.7611 
   00767    0.3727   -1296.9558  0.7576 
   00768    0.3750   -1298.4047  0.7644 
   00769    0.4091   -1285.9487  0.7619 
   00770    0.3977   -1269.6685  0.7614 
   00771    0.4000   -1240.1505  0.7532 
   00772    0.3909   -1216.7325  0.7421 
   00773    0.4318   -1218.0537  0.7581 
   00774    0.4045   -1247.0934  0.7750 
   00775    0.4318   -1271.4382  0.7888 
   00776    0.4045   -1297.2818  0.8064 
   00777    0.3386   -1286.6234  0.8012 
   00778    0.4273   -1301.0278  0.8144 
   00779    0.3705   -1274.9242  0.8001 
   00780    0.3818   -1272.4685  0.7933 
   00781    0.3500   -1284.0487  0.7961 
   00782    0.3932   -1267.0385  0.7895 
   00783    0.3886   -1313.3531  0.8110 
   00784    0.3932   -1315.6792  0.8178 
   00785    0.3636   -1317.3966  0.8246 
   00786    0.3841   -1311.0302  0.8264 
   00787    0.3568   -1291.0678  0.8218 
   00788    0.4227   -1266.6924  0.8158 
   00789    0.4295   -1240.9615  0.8083 
   00790    0.3477   -1258.3472  0.8145 
   00791    0.3886   -1241.9625  0.8027 
   00792    0.3886   -1230.8745  0.7852 
   00793    0.4227   -1238.8492  0.7920 
   00794    0.3932   -1273.7831  0.8021 
   00795    0.4227   -1238.5012  0.7984 
   00796    0.4045   -1258.3980  0.8032 
   00797    0.3955   -1257.2646  0.7990 
   00798    0.4250   -1257.4558  0.7945 
   00799    0.3977   -1240.8454  0.7932 
   00800    0.3977   -1234.0699  0.8029 
   00801    0.4136   -1242.6980  0.7979 
   00802    0.4250   -1239.9921  0.7922 
   00803    0.3932   -1256.6296  0.7941 
   00804    0.4068   -1246.8405  0.7833 
   00805    0.3909   -1234.0389  0.7721 
   00806    0.4068   -1228.4438  0.7608 
   00807    0.4227   -1206.2403  0.7444 
   00808    0.4477   -1198.4751  0.7276 
   00809    0.4432   -1242.9134  0.7456 
   00810    0.3773   -1244.0035  0.7373 
   00811    0.4000   -1239.5196  0.7307 
   00812    0.4182   -1255.6282  0.7354 
   00813    0.4227   -1242.8004  0.7344 
   00814    0.4205   -1253.5239  0.7378 
   00815    0.4045   -1229.9114  0.7313 
   00816    0.4023   -1234.2087  0.7317 
   00817    0.3977   -1254.6068  0.7432 
   00818    0.3909   -1270.2596  0.7445 
   00819    0.3932   -1262.3929  0.7406 
   00820    0.4091   -1241.7126  0.7280 
   00821    0.4409   -1245.6361  0.7268 
   00822    0.4409   -1254.2243  0.7316 
   00823    0.4023   -1227.6658  0.7177 
   00824    0.4227   -1212.7670  0.7129 
   00825    0.4432   -1243.8212  0.7284 
   00826    0.4205   -1275.5142  0.7384 
   00827    0.4568   -1255.7068  0.7514 
   00828    0.4159   -1259.3354  0.7654 
   00829    0.4182   -1269.5924  0.7570 
   00830    0.4273   -1260.1383  0.7482 
   00831    0.4068   -1282.6976  0.7506 
   00832    0.4250   -1298.9891  0.7578 
   00833    0.4045   -1309.7485  0.7490 
   00834    0.3955   -1303.7532  0.7565 
   00835    0.3864   -1294.1441  0.7493 
   00836    0.3818   -1282.5975  0.7453 
   00837    0.3455   -1276.3252  0.7342 
   00838    0.4250   -1282.1606  0.7446 
   00839    0.4114   -1279.6995  0.7576 
   00840    0.4045   -1244.4455  0.7210 
   00841    0.3909   -1240.2374  0.7170 
   00842    0.4000   -1255.0829  0.7175 
   00843    0.3909   -1237.3375  0.7177 
   00844    0.4114   -1267.7458  0.7202 
   00845    0.3955   -1284.3382  0.7361 
   00846    0.4568   -1283.8469  0.7263 
   00847    0.3955   -1280.8694  0.7239 
   00848    0.4045   -1277.8387  0.7267 
   00849    0.3727   -1283.9227  0.7126 
   00850    0.4364   -1278.2164  0.7081 
   00851    0.3523   -1259.1511  0.6979 
   00852    0.3773   -1255.3151  0.7029 
   00853    0.3886   -1270.1278  0.6929 
   00854    0.4182   -1234.6504  0.6879 
   00855    0.4136   -1241.5618  0.6705 
   00856    0.4182   -1255.1222  0.6785 
   00857    0.4455   -1230.6632  0.6989 
   00858    0.4227   -1252.1335  0.7153 
   00859    0.3773   -1260.3405  0.7165 
   00860    0.4023   -1273.6790  0.7407 
   00861    0.4273   -1275.5450  0.7427 
   00862    0.3841   -1286.9090  0.7534 
   00863    0.3886   -1286.6037  0.7606 
   00864    0.4386   -1289.7622  0.7677 
   00865    0.4182   -1311.9024  0.7769 
   00866    0.4250   -1327.4584  0.7840 
   00867    0.3841   -1344.9813  0.7969 
   00868    0.4023   -1329.2895  0.7926 
   00869    0.3909   -1293.8939  0.7923 
   00870    0.4182   -1292.9658  0.7906 
   00871    0.4045   -1300.9607  0.7870 
   00872    0.3955   -1299.2173  0.7854 
   00873    0.4023   -1286.4039  0.7828 
   00874    0.3795   -1269.0127  0.7888 
   00875    0.4068   -1282.8779  0.7914 
   00876    0.4523   -1306.3691  0.7934 
   00877    0.3568   -1306.7011  0.7875 
   00878    0.4136   -1279.3545  0.7663 
   00879    0.4000   -1274.5457  0.7519 
   00880    0.3932   -1275.0078  0.7743 
   00881    0.3955   -1298.0706  0.7756 
   00882    0.3591   -1312.9595  0.7859 
   00883    0.4205   -1310.5147  0.7899 
   00884    0.3614   -1301.5072  0.7879 
   00885    0.3955   -1310.9759  0.7984 
   00886    0.4136   -1289.6209  0.7951 
   00887    0.3909   -1300.9740  0.7989 
   00888    0.4182   -1292.2932  0.7870 
   00889    0.3682   -1277.1263  0.7930 
   00890    0.3955   -1265.2403  0.7777 
   00891    0.3886   -1283.1215  0.7842 
   00892    0.4091   -1298.7178  0.7890 
   00893    0.3750   -1296.0899  0.7766 
   00894    0.3591   -1289.2430  0.7930 
   00895    0.4136   -1299.4627  0.7924 
   00896    0.3682   -1286.5669  0.7863 
   00897    0.3500   -1298.9840  0.7774 
   00898    0.4091   -1312.2511  0.8057 
   00899    0.3886   -1292.2536  0.7981 
   00900    0.4182   -1279.4478  0.7938 
   00901    0.4205   -1267.4049  0.7752 
   00902    0.3636   -1274.1437  0.7645 
   00903    0.4045   -1247.3955  0.7578 
   00904    0.4000   -1242.0951  0.7508 
   00905    0.4273   -1253.7887  0.7487 
   00906    0.4227   -1254.3083  0.7482 
   00907    0.4068   -1284.8135  0.7534 
   00908    0.3955   -1248.3421  0.7412 
   00909    0.3795   -1279.8658  0.7536 
   00910    0.3545   -1280.9217  0.7554 
   00911    0.4159   -1273.4538  0.7610 
   00912    0.4227   -1265.7274  0.7478 
   00913    0.3909   -1291.8247  0.7528 
   00914    0.3864   -1294.1137  0.7655 
   00915    0.4159   -1288.8049  0.7729 
   00916    0.3864   -1290.4230  0.7707 
   00917    0.3977   -1249.8485  0.7602 
   00918    0.4227   -1253.7959  0.7768 
   00919    0.4091   -1251.9766  0.7651 
   00920    0.4250   -1258.5870  0.7604 
   00921    0.4386   -1236.0468  0.7431 
   00922    0.4341   -1252.5931  0.7509 
   00923    0.4000   -1249.5165  0.7395 
   00924    0.3591   -1252.5101  0.7387 
   00925    0.4227   -1261.4012  0.7344 
   00926    0.4000   -1259.1027  0.7419 
   00927    0.3864   -1234.0191  0.7141 
   00928    0.4159   -1254.5284  0.7230 
   00929    0.4545   -1221.2308  0.7214 
   00930    0.3909   -1231.5072  0.7156 
   00931    0.4114   -1245.2728  0.7176 
   00932    0.4182   -1278.7155  0.7422 
   00933    0.4386   -1289.4024  0.7503 
   00934    0.3364   -1288.7266  0.7520 
   00935    0.4068   -1267.4325  0.7544 
   00936    0.4091   -1298.6864  0.7501 
   00937    0.3955   -1328.8384  0.7611 
   00938    0.3841   -1315.9110  0.7503 
   00939    0.3841   -1331.9302  0.7536 
   00940    0.3886   -1282.7268  0.7376 
   00941    0.4068   -1291.8487  0.7532 
   00942    0.3977   -1297.3142  0.7549 
   00943    0.3886   -1296.3412  0.7525 
   00944    0.4227   -1291.1816  0.7480 
   00945    0.4318   -1286.4033  0.7357 
   00946    0.3636   -1304.3543  0.7370 
   00947    0.4205   -1313.5650  0.7243 
   00948    0.3818   -1326.9865  0.7304 
   00949    0.4000   -1305.9381  0.7205 
   00950    0.4182   -1304.1244  0.7192 
   00951    0.3682   -1300.8750  0.7167 
   00952    0.4227   -1284.4641  0.7116 
   00953    0.3114   -1282.3942  0.7130 
   00954    0.4295   -1260.2530  0.6897 
   00955    0.4182   -1261.2299  0.6924 
   00956    0.4068   -1267.6788  0.6871 
   00957    0.4091   -1292.3581  0.7063 
   00958    0.3432   -1305.8716  0.7127 
   00959    0.4250   -1312.1808  0.7234 
   00960    0.4023   -1282.4195  0.7114 
   00961    0.3864   -1270.1540  0.7078 
   00962    0.3682   -1279.1897  0.7200 
   00963    0.3909   -1267.1735  0.7171 
   00964    0.4114   -1239.6469  0.7050 
   00965    0.4023   -1246.4510  0.7031 
   00966    0.3955   -1272.4399  0.7129 
   00967    0.3886   -1260.3255  0.7047 
   00968    0.3864   -1262.7266  0.7321 
   00969    0.3977   -1266.0949  0.7333 
   00970    0.4409   -1265.2656  0.7306 
   00971    0.4273   -1257.3744  0.7313 
   00972    0.3818   -1243.3744  0.7317 
   00973    0.4455   -1248.6509  0.7369 
   00974    0.4318   -1264.5497  0.7540 
   00975    0.4000   -1251.0294  0.7478 
   00976    0.4545   -1261.5032  0.7422 
   00977    0.4227   -1234.2963  0.7443 
   00978    0.3659   -1258.8010  0.7599 
   00979    0.3909   -1259.4350  0.7600 
   00980    0.4114   -1263.5527  0.7730 
   00981    0.4114   -1266.6429  0.7763 
   00982    0.3841   -1264.0813  0.7773 
   00983    0.3705   -1283.0503  0.7858 
   00984    0.4227   -1300.5241  0.7979 
   00985    0.4227   -1299.9699  0.8040 
   00986    0.4205   -1285.6884  0.7884 
   00987    0.4000   -1307.5674  0.7984 
   00988    0.3932   -1305.4923  0.7907 
   00989    0.4432   -1276.1131  0.7902 
   00990    0.3795   -1277.4642  0.7608 
   00991    0.4432   -1276.6995  0.7724 
   00992    0.4091   -1288.1871  0.7731 
   00993    0.3864   -1300.4576  0.7792 
   00994    0.3750   -1309.2433  0.7670 
   00995    0.3886   -1309.8933  0.7732 
   00996    0.4068   -1306.8954  0.7569 
   00997    0.3636   -1335.2951  0.7824 
   00998    0.3932   -1325.1153  0.7805 
   00999    0.4159   -1299.6952  0.7746 
   01000    0.3636   -1287.0742  0.7682 
