#=====================================================
# File created:        Mon-03-Nov-2025-at-08-57-45PM
# Size of lattice:     20x20
# Number of MC steps:  1000
# Reduced temperature: 0.650
# Run time (s):        9.280089
#=====================================================
# MC step:  Ratio:     Energy:   Order:
#=====================================================
   00000    0.5000    -397.1653  0.3188 
   00001    0.7125    -520.7612  0.3294 
   00002    0.6107    -663.9167  0.3334 
   00003    0.6000    -733.1113  0.3405 
   00004    0.5500    -807.0330  0.3503 
   00005    0.5411    -893.1001  0.3691 
   00006    0.4911    -883.2778  0.3984 
   00007    0.5339    -903.0454  0.3986 
   00008    0.4964    -915.4829  0.3845 
   00009    0.4804    -943.1343  0.3627 
   00010    0.4125    -939.0384  0.3467 
   00011    0.4839    -928.4624  0.3313 
   00012    0.5018    -932.0934  0.3437 
   00013    0.4482    -956.9951  0.3875 
   00014    0.4732    -960.0180  0.4133 
   00015    0.4661    -988.3765  0.4346 
   00016    0.4482   -1026.1189  0.4360 
   00017    0.4786   -1009.7901  0.4529 
   00018    0.4589   -1028.3846  0.4669 
   00019    0.4500   -1044.9890  0.4816 
   00020    0.4607   -1033.9580  0.4809 
   00021    0.4857   -1063.5637  0.4823 
   00022    0.4589   -1088.6865  0.4707 
   00023    0.4696   -1089.6559  0.4506 
   00024    0.5018   -1080.6296  0.4497 
   00025    0.4500   -1084.4686  0.4464 
   00026    0.4536   -1101.1026  0.4639 
   00027    0.4964   -1077.8981  0.4741 
   00028    0.4232   -1086.1407  0.4867 
   00029    0.4268   -1117.7912  0.5184 
   00030    0.4857   -1110.5185  0.5264 
   00031    0.4286   -1098.0154  0.5281 
   00032    0.4500   -1115.2595  0.5144 
   00033    0.4446   -1114.8657  0.5270 
   00034    0.4232   -1116.9063  0.5349 
   00035    0.4429   -1120.3354  0.5416 
   00036    0.4518   -1138.8396  0.5408 
   00037    0.4554   -1148.0687  0.5429 
   00038    0.4250   -1152.4202  0.5502 
   00039    0.4232   -1137.2250  0.5389 
   00040    0.3982   -1137.5817  0.5397 
   00041    0.4446   -1123.1617  0.5521 
   00042    0.4768   -1111.7831  0.5753 
   00043    0.4500   -1142.2112  0.5867 
   00044    0.3964   -1128.5076  0.5891 
   00045    0.4500   -1143.9385  0.5844 
   00046    0.4357   -1151.6224  0.5934 
   00047    0.4411   -1165.7190  0.6127 
   00048    0.4304   -1140.3098  0.5975 
   00049    0.4446   -1152.7026  0.6090 
   00050    0.4321   -1151.2984  0.6131 
   00051    0.4411   -1168.7492  0.6133 
   00052    0.4161   -1158.5140  0.6141 
   00053    0.4643   -1158.9116  0.6161 
   00054    0.4536   -1191.1680  0.6298 
   00055    0.4036   -1183.5052  0.6344 
   00056    0.4446   -1189.5540  0.6431 
   00057    0.4661   -1201.2996  0.6571 
   00058    0.4286   -1207.9138  0.6645 
   00059    0.4089   -1191.8571  0.6513 
   00060    0.4304   -1212.7084  0.6529 
   00061    0.4268   -1224.4314  0.6443 
   00062    0.4482   -1210.3819  0.6453 
   00063    0.4089   -1223.0210  0.6553 
   00064    0.4196   -1185.8160  0.6696 
   00065    0.4339   -1173.6031  0.6782 
   00066    0.4339   -1175.2984  0.6839 
   00067    0.4357   -1167.4967  0.6839 
   00068    0.4179   -1201.3895  0.6771 
   00069    0.4446   -1206.0526  0.6647 
   00070    0.4304   -1200.6756  0.6598 
   00071    0.4518   -1181.8482  0.6584 
   00072    0.4357   -1163.5369  0.6485 
   00073    0.4375   -1199.2792  0.6585 
   00074    0.4554   -1186.7458  0.6532 
   00075    0.4607   -1209.2677  0.6845 
   00076    0.4482   -1204.7553  0.6939 
   00077    0.4357   -1206.9208  0.6892 
   00078    0.4018   -1223.6368  0.6990 
   00079    0.4286   -1213.6475  0.7017 
   00080    0.4107   -1203.4231  0.6983 
   00081    0.4143   -1208.2627  0.7094 
   00082    0.4339   -1210.9538  0.7101 
   00083    0.4107   -1211.8149  0.7051 
   00084    0.4071   -1178.1367  0.6999 
   00085    0.4196   -1174.5134  0.6975 
   00086    0.4750   -1165.6213  0.7054 
   00087    0.4089   -1169.4957  0.6867 
   00088    0.4321   -1175.7700  0.6849 
   00089    0.4321   -1182.8638  0.6886 
   00090    0.3929   -1176.6102  0.7118 
   00091    0.4393   -1187.7588  0.7247 
   00092    0.4161   -1189.3782  0.7232 
   00093    0.4179   -1191.7089  0.7147 
   00094    0.4393   -1210.3754  0.7094 
   00095    0.3982   -1215.8065  0.7176 
   00096    0.4464   -1218.0626  0.7290 
   00097    0.4375   -1201.9166  0.7129 
   00098    0.4250   -1212.4009  0.7083 
   00099    0.4161   -1212.1797  0.7145 
   00100    0.4125   -1228.0264  0.7081 
   00101    0.4143   -1230.7430  0.7078 
   00102    0.4214   -1233.8360  0.7026 
   00103    0.4321   -1209.4133  0.7030 
   00104    0.4589   -1227.6755  0.7029 
   00105    0.4196   -1212.9098  0.6781 
   00106    0.4268   -1208.3178  0.6880 
   00107    0.4214   -1218.6183  0.6901 
   00108    0.3768   -1220.4545  0.6879 
   00109    0.3929   -1199.7770  0.6640 
   00110    0.4232   -1183.1065  0.6484 
   00111    0.4089   -1205.0598  0.6555 
   00112    0.4143   -1199.7044  0.6482 
   00113    0.4339   -1190.9824  0.6447 
   00114    0.4321   -1187.4513  0.6455 
   00115    0.3946   -1190.0072  0.6466 
   00116    0.3732   -1164.9432  0.6305 
   00117    0.4357   -1167.0886  0.6427 
   00118    0.4179   -1190.6191  0.6463 
   00119    0.4089   -1195.7860  0.6457 
   00120    0.4107   -1198.5113  0.6336 
   00121    0.4161   -1232.7070  0.6275 
   00122    0.3839   -1217.9360  0.6342 
   00123    0.4161   -1212.4124  0.6277 
   00124    0.4446   -1222.1148  0.6355 
   00125    0.4393   -1223.9844  0.6399 
   00126    0.4000   -1209.0157  0.6383 
   00127    0.4286   -1206.8358  0.6537 
   00128    0.4054   -1230.1602  0.6594 
   00129    0.4464   -1231.5949  0.6438 
   00130    0.4446   -1235.3765  0.6544 
   00131    0.4286   -1237.5334  0.6716 
   00132    0.4696   -1211.1955  0.6700 
   00133    0.3911   -1209.7865  0.6755 
   00134    0.3964   -1212.9203  0.6874 
   00135    0.3804   -1234.3788  0.7119 
   00136    0.4125   -1231.5145  0.7132 
   00137    0.4250   -1211.1884  0.7138 
   00138    0.3857   -1223.6391  0.7127 
   00139    0.4036   -1222.2824  0.7197 
   00140    0.4143   -1222.6532  0.7167 
   00141    0.4071   -1222.5658  0.7112 
   00142    0.4286   -1217.9487  0.6947 
   00143    0.3875   -1200.6465  0.6866 
   00144    0.4143   -1195.1271  0.6917 
   00145    0.4268   -1176.6260  0.6996 
   00146    0.4071   -1195.2583  0.6892 
   00147    0.4232   -1172.7598  0.6782 
   00148    0.3875   -1183.0363  0.7022 
   00149    0.4125   -1182.0164  0.6989 
   00150    0.4125   -1181.8402  0.6880 
   00151    0.4250   -1170.3465  0.6772 
   00152    0.4125   -1192.8119  0.6709 
   00153    0.4071   -1208.2571  0.6678 
   00154    0.4339   -1210.8591  0.6688 
   00155    0.4393   -1206.2042  0.6705 
   00156    0.4179   -1198.1952  0.6783 
   00157    0.4286   -1220.9307  0.6906 
   00158    0.4143   -1245.1164  0.7056 
   00159    0.4054   -1243.8715  0.6999 
   00160    0.4071   -1220.0015  0.7079 
   00161    0.3875   -1229.2903  0.7151 
   00162    0.4143   -1232.5004  0.7205 
   00163    0.3732   -1210.0084  0.7182 
   00164    0.3964   -1203.8273  0.7150 
   00165    0.3929   -1215.4549  0.7273 
   00166    0.3893   -1233.2087  0.7255 
   00167    0.4321   -1241.6872  0.7181 
   00168    0.4089   -1277.7435  0.7261 
   00169    0.4018   -1262.2130  0.7347 
   00170    0.4429   -1233.0543  0.7473 
   00171    0.4232   -1217.2416  0.7553 
   00172    0.4054   -1251.7509  0.7746 
   00173    0.4375   -1234.9001  0.7637 
   00174    0.3929   -1240.2592  0.7610 
   00175    0.4375   -1230.6540  0.7635 
   00176    0.3911   -1216.7708  0.7657 
   00177    0.4357   -1219.7781  0.7702 
   00178    0.4286   -1210.9172  0.7615 
   00179    0.3982   -1217.0847  0.7585 
   00180    0.3982   -1228.0193  0.7481 
   00181    0.4161   -1221.5247  0.7461 
   00182    0.4357   -1227.2117  0.7384 
   00183    0.4179   -1243.9016  0.7399 
   00184    0.4000   -1240.5262  0.7377 
   00185    0.3911   -1241.4160  0.7262 
   00186    0.4107   -1218.1002  0.7148 
   00187    0.4268   -1237.7272  0.7224 
   00188    0.4036   -1242.6708  0.7293 
   00189    0.4214   -1233.5117  0.7307 
   00190    0.4250   -1259.3789  0.7408 
   00191    0.3786   -1236.0722  0.7346 
   00192    0.4393   -1220.9983  0.7208 
   00193    0.4250   -1220.7066  0.7135 
   00194    0.4393   -1178.7772  0.6967 
   00195    0.4339   -1190.6411  0.7026 
   00196    0.3893   -1181.9599  0.6917 
   00197    0.4589   -1207.2141  0.7228 
   00198    0.4143   -1212.0275  0.7189 
   00199    0.4179   -1216.6413  0.7197 
   00200    0.4714   -1214.7283  0.7126 
   00201    0.4107   -1190.1632  0.7074 
   00202    0.4375   -1188.8659  0.7167 
   00203    0.4089   -1176.1597  0.7000 
   00204    0.4679   -1206.1569  0.6966 
   00205    0.4250   -1211.7052  0.6880 
   00206    0.4000   -1207.8321  0.6926 
   00207    0.4107   -1219.5610  0.7036 
   00208    0.4321   -1195.0536  0.6891 
   00209    0.4393   -1213.4687  0.7112 
   00210    0.4411   -1198.5667  0.7106 
   00211    0.4232   -1209.6783  0.7360 
   00212    0.4196   -1200.7981  0.7391 
   00213    0.4143   -1204.0350  0.7626 
   00214    0.4161   -1212.2952  0.7740 
   00215    0.4000   -1231.4814  0.7811 
   00216    0.4589   -1224.7641  0.7840 
   00217    0.4321   -1217.4816  0.7825 
   00218    0.4232   -1236.5090  0.7939 
   00219    0.4161   -1239.6032  0.8043 
   00220    0.3857   -1250.3521  0.8091 
   00221    0.4018   -1231.2124  0.7939 
   00222    0.4357   -1223.5866  0.7810 
   00223    0.4000   -1230.5203  0.7864 
   00224    0.4125   -1248.1320  0.7989 
   00225    0.3571   -1236.4067  0.7871 
   00226    0.3911   -1233.1766  0.7927 
   00227    0.4000   -1234.1077  0.7951 
   00228    0.4411   -1235.2086  0.8040 
   00229    0.4232   -1249.9971  0.7964 
   00230    0.4018   -1292.9820  0.8239 
   00231    0.4214   -1289.1963  0.8286 
   00232    0.3875   -1292.4923  0.8185 
   00233    0.3929   -1291.8076  0.8168 
   00234    0.3893   -1288.6704  0.8228 
   00235    0.3929   -1282.6619  0.8217 
   00236    0.3714   -1266.6984  0.8105 
   00237    0.4214   -1262.1479  0.8080 
   00238    0.3946   -1260.7458  0.8180 
   00239    0.4232   -1264.3886  0.8218 
   00240    0.4018   -1259.3930  0.8222 
   00241    0.4143   -1263.0510  0.8198 
   00242    0.3982   -1224.7674  0.8074 
   00243    0.3839   -1224.7687  0.7974 
   00244    0.4232   -1254.8936  0.8144 
   00245    0.4018   -1241.8425  0.8058 
   00246    0.3946   -1249.4928  0.7944 
   00247    0.4482   -1244.4315  0.8004 
   00248    0.4107   -1248.9020  0.8144 
   00249    0.4054   -1271.2123  0.8148 
   00250    0.4036   -1284.5200  0.8224 
   00251    0.3946   -1299.8184  0.8335 
   00252    0.4089   -1273.7945  0.8287 
   00253    0.4143   -1230.0661  0.8170 
   00254    0.4250   -1230.7367  0.8083 
   00255    0.4036   -1253.4288  0.8132 
   00256    0.3839   -1261.6049  0.8241 
   00257    0.3946   -1268.1072  0.8259 
   00258    0.3857   -1279.5593  0.8229 
   00259    0.4232   -1263.6100  0.8166 
   00260    0.4321   -1261.9075  0.8036 
   00261    0.4071   -1274.8322  0.8150 
   00262    0.4321   -1253.2249  0.8003 
   00263    0.4071   -1259.7345  0.8036 
   00264    0.4196   -1269.5802  0.8017 
   00265    0.4179   -1264.1781  0.8072 
   00266    0.3857   -1269.0303  0.8035 
   00267    0.3839   -1284.4497  0.8167 
   00268    0.3964   -1276.6782  0.8121 
   00269    0.4196   -1267.4597  0.7972 
   00270    0.4196   -1259.7625  0.7985 
   00271    0.4268   -1244.4691  0.7941 
   00272    0.4357   -1237.6639  0.8026 
   00273    0.4000   -1200.3966  0.7987 
   00274    0.3821   -1231.2034  0.8053 
   00275    0.4071   -1229.7836  0.8051 
   00276    0.4250   -1230.5111  0.8005 
   00277    0.4107   -1229.0314  0.8033 
   00278    0.4589   -1234.1235  0.7901 
   00279    0.3982   -1228.7537  0.7922 
   00280    0.3893   -1229.1977  0.7971 
   00281    0.4089   -1206.4584  0.7837 
   00282    0.4679   -1216.2390  0.7847 
   00283    0.4179   -1251.8088  0.7989 
   00284    0.4018   -1257.4979  0.8102 
   00285    0.4089   -1253.1525  0.8087 
   00286    0.3875   -1252.2589  0.8061 
   00287    0.4089   -1251.0850  0.8076 
   00288    0.4018   -1244.7934  0.8206 
   00289    0.4125   -1253.8255  0.8151 
   00290    0.3839   -1249.7651  0.8223 
   00291    0.3911   -1239.5457  0.8261 
   00292    0.4000   -1248.5147  0.8411 
   00293    0.3875   -1242.0884  0.8316 
   00294    0.4375   -1244.6126  0.8300 
   00295    0.4429   -1234.3570  0.8204 
   00296    0.4161   -1243.3547  0.8188 
   00297    0.4000   -1232.7408  0.8126 
   00298    0.4125   -1241.0679  0.8199 
   00299    0.4214   -1258.5805  0.8328 
   00300    0.3929   -1258.4979  0.8335 
   00301    0.4161   -1265.6722  0.8449 
   00302    0.4179   -1278.7529  0.8453 
   00303    0.3696   -1277.6061  0.8508 
   00304    0.3875   -1254.3874  0.8454 
   00305    0.4125   -1251.9244  0.8378 
   00306    0.3964   -1259.3852  0.8455 
   00307    0.3821   -1280.9616  0.8519 
   00308    0.4214   -1308.5656  0.8630 
   00309    0.3893   -1299.3398  0.8581 
   00310    0.4054   -1298.8537  0.8506 
   00311    0.3982   -1304.9684  0.8516 
   00312    0.3679   -1314.4144  0.8561 
   00313    0.4179   -1298.7977  0.8468 
   00314    0.4089   -1287.5106  0.8380 
   00315    0.4054   -1287.5726  0.8382 
   00316    0.3911   -1280.5160  0.8368 
   00317    0.4214   -1290.1402  0.8287 
   00318    0.3875   -1255.0226  0.8198 
   00319    0.4339   -1273.5339  0.8215 
   00320    0.4071   -1278.4711  0.8181 
   00321    0.4089   -1290.7084  0.8132 
   00322    0.4054   -1265.9525  0.8024 
   00323    0.3929   -1278.2515  0.8188 
   00324    0.4036   -1280.7895  0.8181 
   00325    0.4214   -1248.1495  0.8102 
   00326    0.4000   -1252.4408  0.8106 
   00327    0.4286   -1265.4986  0.8029 
   00328    0.3964   -1247.4823  0.7939 
   00329    0.4018   -1252.8755  0.8056 
   00330    0.3821   -1245.1751  0.7949 
   00331    0.4036   -1251.8705  0.8048 
   00332    0.4268   -1272.4433  0.8142 
   00333    0.3786   -1269.6410  0.8218 
   00334    0.3911   -1290.4354  0.8202 
   00335    0.4339   -1283.0117  0.8109 
   00336    0.3964   -1294.8941  0.8124 
   00337    0.3875   -1286.0948  0.7993 
   00338    0.4196   -1260.4072  0.7915 
   00339    0.4161   -1251.5742  0.7909 
   00340    0.3804   -1288.2988  0.8068 
   00341    0.4089   -1245.5828  0.7895 
   00342    0.4036   -1257.4732  0.7926 
   00343    0.3911   -1268.4577  0.7907 
   00344    0.4339   -1280.7681  0.7882 
   00345    0.4161   -1268.3046  0.7753 
   00346    0.3911   -1263.6791  0.7511 
   00347    0.4018   -1279.8243  0.7603 
   00348    0.3821   -1274.6828  0.7522 
   00349    0.3625   -1263.9594  0.7401 
   00350    0.4089   -1261.4056  0.7466 
   00351    0.3946   -1246.4663  0.7506 
   00352    0.3893   -1249.3386  0.7516 
   00353    0.4268   -1279.1396  0.7606 
   00354    0.3714   -1285.7294  0.7537 
   00355    0.4000   -1281.1696  0.7451 
   00356    0.3857   -1264.3890  0.7375 
   00357    0.3839   -1259.8336  0.7409 
   00358    0.4286   -1241.2993  0.7388 
   00359    0.4161   -1240.6685  0.7531 
   00360    0.4232   -1226.5142  0.7531 
   00361    0.4232   -1240.6687  0.7632 
   00362    0.4571   -1249.3290  0.7739 
   00363    0.4107   -1271.0965  0.7775 
   00364    0.3696   -1289.3661  0.7926 
   00365    0.4054   -1274.7815  0.7872 
   00366    0.4107   -1274.5186  0.7770 
   00367    0.4214   -1264.2398  0.7777 
   00368    0.3893   -1264.1875  0.7841 
   00369    0.4196   -1249.6016  0.7752 
   00370    0.4036   -1230.6147  0.7702 
   00371    0.3839   -1231.8207  0.7657 
   00372    0.3839   -1238.8124  0.7599 
   00373    0.3839   -1232.8720  0.7669 
   00374    0.3929   -1243.6508  0.7683 
   00375    0.4232   -1249.3674  0.7696 
   00376    0.3893   -1212.5677  0.7504 
   00377    0.4000   -1220.6259  0.7602 
   00378    0.3875   -1232.1613  0.7576 
   00379    0.4304   -1244.8388  0.7730 
   00380    0.3982   -1245.5102  0.7734 
   00381    0.3982   -1255.7629  0.7799 
   00382    0.3857   -1258.8926  0.7854 
   00383    0.3714   -1253.9832  0.7822 
   00384    0.3929   -1252.1796  0.7806 
   00385    0.3893   -1286.4355  0.7907 
   00386    0.3911   -1266.7109  0.7745 
   00387    0.4036   -1260.8847  0.7735 
   00388    0.4500   -1248.2443  0.7740 
   00389    0.4196   -1236.6727  0.7628 
   00390    0.4107   -1240.9551  0.7756 
   00391    0.3929   -1244.4981  0.7813 
   00392    0.4018   -1234.4439  0.7717 
   00393    0.3946   -1215.5170  0.7734 
   00394    0.4089   -1230.6936  0.7765 
   00395    0.3839   -1208.2784  0.7655 
   00396    0.4036   -1212.6456  0.7784 
   00397    0.3857   -1239.8206  0.7870 
   00398    0.3857   -1255.6221  0.7892 
   00399    0.3839   -1263.3989  0.8155 
   00400    0.4089   -1268.8494  0.8270 
   00401    0.3446   -1268.2515  0.8283 
   00402    0.4107   -1278.9942  0.8228 
   00403    0.3911   -1279.1084  0.8223 
   00404    0.3821   -1259.0181  0.8166 
   00405    0.3696   -1263.0241  0.8166 
   00406    0.3911   -1268.1196  0.8098 
   00407    0.4054   -1267.0278  0.8165 
   00408    0.3821   -1267.6420  0.8154 
   00409    0.3982   -1274.2478  0.8170 
   00410    0.3821   -1264.6125  0.8040 
   00411    0.3804   -1263.0714  0.7980 
   00412    0.4000   -1255.9755  0.7959 
   00413    0.3839   -1235.8878  0.7983 
   00414    0.3661   -1238.8899  0.7941 
   00415    0.4107   -1223.4428  0.7966 
   00416    0.4232   -1257.6590  0.8010 
   00417    0.4000   -1259.5125  0.7924 
   00418    0.4054   -1219.9222  0.7879 
   00419    0.4429   -1239.6709  0.7877 
   00420    0.4232   -1249.8444  0.8073 
   00421    0.4018   -1256.5094  0.8098 
   00422    0.3982   -1258.1036  0.8052 
   00423    0.3500   -1268.0501  0.8220 
   00424    0.3804   -1295.4218  0.8310 
   00425    0.4054   -1282.6130  0.8270 
   00426    0.3893   -1277.6242  0.8271 
   00427    0.4000   -1260.1032  0.8056 
   00428    0.4107   -1273.6229  0.8230 
   00429    0.4089   -1268.4035  0.8279 
   00430    0.3946   -1291.5628  0.8375 
   00431    0.4143   -1316.8681  0.8431 
   00432    0.4143   -1281.1544  0.8289 
   00433    0.3875   -1283.9495  0.8260 
   00434    0.3518   -1284.3842  0.8277 
   00435    0.3946   -1294.9973  0.8288 
   00436    0.3964   -1304.1899  0.8323 
   00437    0.4339   -1265.7982  0.8227 
   00438    0.4143   -1240.7968  0.8102 
   00439    0.3911   -1216.0535  0.7998 
   00440    0.4393   -1226.0722  0.8064 
   00441    0.4161   -1233.9846  0.8060 
   00442    0.3893   -1237.6097  0.8097 
   00443    0.4179   -1244.2972  0.8132 
   00444    0.3982   -1228.1244  0.8044 
   00445    0.3929   -1224.1908  0.7944 
   00446    0.4089   -1252.5848  0.8142 
   00447    0.4089   -1244.8722  0.8105 
   00448    0.4018   -1248.0561  0.8155 
   00449    0.4232   -1266.8989  0.8179 
   00450    0.3946   -1260.4759  0.8113 
   00451    0.3893   -1275.4910  0.8174 
   00452    0.4232   -1274.0420  0.8211 
   00453    0.4161   -1258.5876  0.8097 
   00454    0.4125   -1253.8277  0.7971 
   00455    0.4196   -1230.3945  0.7936 
   00456    0.4304   -1256.2536  0.8061 
   00457    0.3982   -1231.3591  0.7910 
   00458    0.4036   -1203.9043  0.7876 
   00459    0.4125   -1196.3485  0.7845 
   00460    0.4161   -1226.2621  0.7987 
   00461    0.4518   -1251.9131  0.8095 
   00462    0.4446   -1250.5731  0.8040 
   00463    0.4071   -1250.5056  0.7987 
   00464    0.3911   -1236.3425  0.7920 
   00465    0.3839   -1243.0592  0.7922 
   00466    0.4089   -1239.0684  0.8011 
   00467    0.4286   -1212.7863  0.7838 
   00468    0.4250   -1215.2406  0.7876 
   00469    0.4339   -1201.5233  0.7809 
   00470    0.4054   -1230.7716  0.7859 
   00471    0.4089   -1220.5878  0.7744 
   00472    0.4161   -1218.6818  0.7749 
   00473    0.4196   -1213.7882  0.7684 
   00474    0.4107   -1210.6542  0.7725 
   00475    0.4161   -1223.2640  0.7806 
   00476    0.4446   -1222.0890  0.7860 
   00477    0.4607   -1229.9510  0.7986 
   00478    0.4482   -1238.8464  0.8058 
   00479    0.4214   -1242.3401  0.7932 
   00480    0.4161   -1234.2535  0.7923 
   00481    0.4071   -1232.3974  0.7921 
   00482    0.4143   -1215.7423  0.7865 
   00483    0.4411   -1223.8307  0.7923 
   00484    0.3982   -1235.7690  0.7898 
   00485    0.3875   -1227.2658  0.7962 
   00486    0.4000   -1236.5055  0.7944 
   00487    0.4018   -1254.1068  0.8023 
   00488    0.4018   -1257.0155  0.7997 
   00489    0.4036   -1262.3029  0.8152 
   00490    0.4143   -1236.2872  0.8087 
   00491    0.3518   -1254.3070  0.8029 
   00492    0.3911   -1271.6622  0.8050 
   00493    0.4107   -1257.3846  0.7995 
   00494    0.4036   -1264.9792  0.8099 
   00495    0.3696   -1267.7088  0.8218 
   00496    0.4232   -1266.0324  0.8099 
   00497    0.4000   -1295.9326  0.8308 
   00498    0.3893   -1300.7882  0.8412 
   00499    0.4071   -1317.8829  0.8451 
   00500    0.3804   -1312.6906  0.8413 
   00501    0.4000   -1323.4571  0.8436 
   00502    0.3839   -1316.7099  0.8336 
   00503    0.3714   -1301.4306  0.8248 
   00504    0.4411   -1285.3235  0.8221 
   00505    0.3982   -1271.8132  0.8248 
   00506    0.4107   -1266.2485  0.8288 
   00507    0.3964   -1254.9499  0.8245 
   00508    0.4232   -1259.0722  0.8334 
   00509    0.4250   -1260.9612  0.8311 
   00510    0.4446   -1251.2901  0.8255 
   00511    0.4179   -1259.6678  0.8376 
   00512    0.4125   -1268.0524  0.8397 
   00513    0.4214   -1275.3729  0.8395 
   00514    0.3857   -1271.3480  0.8364 
   00515    0.3875   -1289.4231  0.8383 
   00516    0.3661   -1275.8495  0.8371 
   00517    0.4089   -1253.9040  0.8302 
   00518    0.3946   -1276.9495  0.8468 
   00519    0.3857   -1298.7285  0.8503 
   00520    0.3839   -1281.1744  0.8419 
   00521    0.4143   -1282.1141  0.8393 
   00522    0.4179   -1293.0230  0.8382 
   00523    0.3786   -1309.9630  0.8443 
   00524    0.3982   -1324.6566  0.8467 
   00525    0.3714   -1299.0337  0.8342 
   00526    0.4036   -1284.5764  0.8305 
   00527    0.3946   -1271.7607  0.8310 
   00528    0.3857   -1283.4023  0.8359 
   00529    0.3929   -1277.9381  0.8353 
   00530    0.3946   -1274.3577  0.8288 
   00531    0.3786   -1287.0995  0.8351 
   00532    0.3964   -1297.2974  0.8439 
   00533    0.4179   -1311.9275  0.8483 
   00534    0.3804   -1300.4668  0.8398 
   00535    0.3768   -1322.3842  0.8399 
   00536    0.3857   -1319.0635  0.8297 
   00537    0.3768   -1318.6389  0.8371 
   00538    0.3875   -1325.8802  0.8403 
   00539    0.4125   -1300.0735  0.8457 
   00540    0.4018   -1290.8043  0.8438 
   00541    0.3893   -1294.6165  0.8385 
   00542    0.3607   -1296.4839  0.8401 
   00543    0.3821   -1344.0681  0.8601 
   00544    0.3607   -1341.9871  0.8669 
   00545    0.4125   -1303.1027  0.8461 
   00546    0.4214   -1294.9158  0.8435 
   00547    0.4143   -1275.6982  0.8265 
   00548    0.3964   -1261.5866  0.8163 
   00549    0.4018   -1293.2350  0.8370 
   00550    0.3964   -1286.0382  0.8244 
   00551    0.3893   -1288.5824  0.8314 
   00552    0.4125   -1269.3892  0.8251 
   00553    0.4393   -1283.5218  0.8348 
   00554    0.4143   -1272.0860  0.8325 
   00555    0.4321   -1248.9653  0.8213 
   00556    0.4286   -1262.5235  0.8199 
   00557    0.4125   -1270.6885  0.8321 
   00558    0.4000   -1283.3917  0.8329 
   00559    0.3893   -1288.5235  0.8353 
   00560    0.4161   -1295.8083  0.8424 
   00561    0.4018   -1297.8880  0.8536 
   00562    0.3946   -1303.7863  0.8552 
   00563    0.4286   -1286.8716  0.8331 
   00564    0.3839   -1280.3599  0.8343 
   00565    0.4018   -1266.0440  0.8300 
   00566    0.4000   -1276.5266  0.8352 
   00567    0.3929   -1287.0620  0.8406 
   00568    0.4429   -1287.4070  0.8380 
   00569    0.4018   -1295.4719  0.8381 
   00570    0.4054   -1307.0946  0.8400 
   00571    0.3714   -1299.3537  0.8479 
   00572    0.3714   -1307.2143  0.8565 
   00573    0.3804   -1296.5375  0.8551 
   00574    0.3732   -1314.4730  0.8613 
   00575    0.4161   -1303.3676  0.8601 
   00576    0.4250   -1323.0908  0.8628 
   00577    0.4089   -1308.3517  0.8592 
   00578    0.3857   -1310.7226  0.8605 
   00579    0.3679   -1315.5818  0.8588 
   00580    0.4321   -1288.7694  0.8521 
   00581    0.4018   -1258.8390  0.8417 
   00582    0.4107   -1251.6556  0.8298 
   00583    0.3893   -1255.8314  0.8320 
   00584    0.4000   -1247.3377  0.8254 
   00585    0.4054   -1250.9640  0.8216 
   00586    0.4232   -1257.0702  0.8166 
   00587    0.3982   -1250.6853  0.8213 
   00588    0.4161   -1252.3337  0.8231 
   00589    0.3929   -1268.3535  0.8210 
   00590    0.4375   -1260.3343  0.8197 
   00591    0.4214   -1250.2456  0.8240 
   00592    0.4232   -1247.5241  0.8165 
   00593    0.4161   -1249.2192  0.8097 
   00594    0.4321   -1272.3171  0.8191 
   00595    0.3982   -1268.6556  0.8228 
   00596    0.3661   -1288.0867  0.8279 
   00597    0.3929   -1268.1104  0.8304 
   00598    0.4196   -1287.4520  0.8320 
   00599    0.3839   -1270.7925  0.8183 
   00600    0.4232   -1279.0120  0.8154 
   00601    0.3679   -1287.1647  0.8249 
   00602    0.4000   -1284.7849  0.8332 
   00603    0.4054   -1274.6094  0.8408 
   00604    0.3750   -1252.7042  0.8290 
   00605    0.3750   -1270.2281  0.8291 
   00606    0.3946   -1253.0513  0.8221 
   00607    0.4250   -1271.0588  0.8323 
   00608    0.3661   -1276.8508  0.8297 
   00609    0.3982   -1271.8993  0.8383 
   00610    0.4071   -1279.3328  0.8360 
   00611    0.3696   -1271.1699  0.8260 
   00612    0.4054   -1260.2903  0.8281 
   00613    0.3732   -1247.1141  0.8254 
   00614    0.4393   -1244.7354  0.8053 
   00615    0.4179   -1243.5073  0.7953 
   00616    0.3893   -1273.3949  0.8003 
   00617    0.4071   -1290.1703  0.8090 
   00618    0.4161   -1281.7213  0.8064 
   00619    0.4036   -1244.6687  0.8022 
   00620    0.4232   -1256.0229  0.8070 
   00621    0.3571   -1258.6434  0.8076 
   00622    0.3893   -1268.4270  0.8103 
   00623    0.3804   -1268.7231  0.7953 
   00624    0.3857   -1273.2524  0.7984 
   00625    0.3964   -1278.3789  0.8161 
   00626    0.4143   -1276.1527  0.8199 
   00627    0.3839   -1274.0210  0.8157 
   00628    0.3893   -1272.0537  0.8169 
   00629    0.3857   -1278.9641  0.8174 
   00630    0.4286   -1260.9609  0.8067 
   00631    0.4411   -1260.0167  0.8076 
   00632    0.4232   -1271.4483  0.8137 
   00633    0.4107   -1268.4544  0.8079 
   00634    0.4375   -1247.1853  0.8114 
   00635    0.3821   -1251.5318  0.8209 
   00636    0.3732   -1261.9038  0.8131 
   00637    0.4089   -1238.3175  0.8024 
   00638    0.4196   -1272.4324  0.8059 
   00639    0.4036   -1261.3072  0.7886 
   00640    0.4161   -1271.2716  0.8078 
   00641    0.4196   -1261.9878  0.8160 
   00642    0.4071   -1277.5178  0.8213 
   00643    0.3696   -1267.4662  0.8250 
   00644    0.4036   -1271.9353  0.8350 
   00645    0.3696   -1277.1161  0.8288 
   00646    0.3964   -1270.4251  0.8204 
   00647    0.3929   -1283.4388  0.8295 
   00648    0.4143   -1266.7045  0.8224 
   00649    0.3429   -1279.6989  0.8270 
   00650    0.3571   -1300.1718  0.8317 
   00651    0.3750   -1305.3984  0.8342 
   00652    0.4089   -1297.7244  0.8314 
   00653    0.3786   -1297.1196  0.8321 
   00654    0.3929   -1278.4752  0.8296 
   00655    0.4107   -1302.4869  0.8290 
   00656    0.3857   -1280.3701  0.8265 
   00657    0.4161   -1273.4192  0.8161 
   00658    0.3768   -1267.7678  0.8108 
   00659    0.4339   -1260.7591  0.8104 
   00660    0.4036   -1240.9178  0.7984 
   00661    0.4071   -1236.6037  0.8104 
   00662    0.4286   -1250.4670  0.8228 
   00663    0.4411   -1273.4539  0.8138 
   00664    0.3821   -1286.8134  0.8173 
   00665    0.3607   -1296.7511  0.8181 
   00666    0.4125   -1314.8443  0.8368 
   00667    0.3911   -1310.2586  0.8365 
   00668    0.4232   -1291.9034  0.8417 
   00669    0.3786   -1272.1959  0.8307 
   00670    0.3875   -1278.4045  0.8368 
   00671    0.3821   -1268.8319  0.8325 
   00672    0.3696   -1285.1071  0.8413 
   00673    0.3857   -1263.6375  0.8313 
   00674    0.4143   -1264.1457  0.8247 
   00675    0.4000   -1302.7112  0.8383 
   00676    0.3857   -1297.8269  0.8334 
   00677    0.3929   -1280.8817  0.8214 
   00678    0.4214   -1292.6847  0.8251 
   00679    0.4107   -1279.8153  0.8223 
   00680    0.3946   -1266.4661  0.8200 
   00681    0.4018   -1244.6058  0.8129 
   00682    0.4482   -1225.8763  0.8060 
   00683    0.4536   -1245.1156  0.7961 
   00684    0.3857   -1258.1965  0.8116 
   00685    0.3964   -1225.5683  0.8050 
   00686    0.4179   -1215.1690  0.7958 
   00687    0.4607   -1204.4074  0.8032 
   00688    0.4179   -1187.7788  0.7896 
   00689    0.4250   -1189.8062  0.7782 
   00690    0.4429   -1232.2875  0.7897 
   00691    0.4179   -1247.2846  0.7978 
   00692    0.4036   -1242.9479  0.7992 
   00693    0.4446   -1247.3700  0.8079 
   00694    0.4232   -1247.4859  0.8018 
   00695    0.4107   -1235.9327  0.7948 
   00696    0.4232   -1230.2027  0.7819 
   00697    0.4125   -1203.6221  0.7729 
   00698    0.3982   -1184.4204  0.7646 
   00699    0.4036   -1192.2471  0.7719 
   00700    0.3911   -1242.3287  0.7960 
   00701    0.4018   -1243.3124  0.7821 
   00702    0.3464   -1251.4486  0.7991 
   00703    0.3839   -1236.8197  0.8012 
   00704    0.3839   -1244.8965  0.8065 
   00705    0.4071   -1280.0708  0.8332 
   00706    0.3875   -1293.4164  0.8364 
   00707    0.3982   -1287.7869  0.8295 
   00708    0.3714   -1288.8648  0.8300 
   00709    0.3911   -1271.1903  0.8213 
   00710    0.3750   -1239.0743  0.8062 
   00711    0.4000   -1240.1533  0.7901 
   00712    0.3982   -1262.1579  0.7968 
   00713    0.3982   -1254.7397  0.7869 
   00714    0.4125   -1278.2262  0.8045 
   00715    0.3714   -1262.8055  0.7952 
   00716    0.4036   -1228.7974  0.7825 
   00717    0.4214   -1200.1674  0.7817 
   00718    0.4411   -1180.8546  0.7679 
   00719    0.4125   -1185.9357  0.7651 
   00720    0.3946   -1223.5998  0.7818 
   00721    0.4268   -1212.3930  0.7741 
   00722    0.3964   -1208.3971  0.7698 
   00723    0.4268   -1229.2301  0.7841 
   00724    0.4000   -1240.4703  0.7928 
   00725    0.4179   -1227.8300  0.7843 
   00726    0.4196   -1211.8945  0.7894 
   00727    0.4679   -1220.3833  0.7937 
   00728    0.4071   -1229.3014  0.7978 
   00729    0.4214   -1248.3056  0.8048 
   00730    0.4036   -1247.1990  0.8049 
   00731    0.3804   -1275.6770  0.8231 
   00732    0.3893   -1285.4201  0.8255 
   00733    0.3911   -1256.4343  0.8167 
   00734    0.3964   -1276.6203  0.8233 
   00735    0.4018   -1279.6990  0.8237 
   00736    0.3982   -1252.6296  0.8166 
   00737    0.4125   -1230.2474  0.8151 
   00738    0.3982   -1197.1861  0.7858 
   00739    0.4393   -1191.1607  0.7705 
   00740    0.4411   -1211.2435  0.7826 
   00741    0.4161   -1227.7380  0.7800 
   00742    0.4071   -1245.6451  0.7821 
   00743    0.4143   -1237.3200  0.7826 
   00744    0.3982   -1210.9368  0.7744 
   00745    0.3929   -1226.6220  0.7839 
   00746    0.4125   -1236.6494  0.7905 
   00747    0.4161   -1201.7634  0.7714 
   00748    0.4036   -1211.1325  0.7622 
   00749    0.3982   -1201.9984  0.7609 
   00750    0.4232   -1222.3046  0.7614 
   00751    0.3964   -1236.5953  0.7673 
   00752    0.4054   -1230.4530  0.7707 
   00753    0.4179   -1260.7032  0.7917 
   00754    0.4107   -1242.5182  0.7866 
   00755    0.4232   -1260.3633  0.7926 
   00756    0.3982   -1222.0702  0.7629 
   00757    0.4250   -1235.9382  0.7761 
   00758    0.4304   -1218.9057  0.7577 
   00759    0.4536   -1230.2661  0.7573 
   00760    0.4018   -1226.3672  0.7557 
   00761    0.4054   -1222.8199  0.7515 
   00762    0.4214   -1230.4039  0.7639 
   00763    0.4179   -1261.5635  0.7792 
   00764    0.3750   -1258.4568  0.7833 
   00765    0.3821   -1289.0529  0.7981 
   00766    0.4339   -1269.5649  0.7913 
   00767    0.4018   -1241.8963  0.7756 
   00768    0.3732   -1270.3365  0.7984 
   00769    0.4321   -1284.0481  0.8099 
   00770    0.4250   -1271.7528  0.8054 
   00771    0.4393   -1237.3434  0.7944 
   00772    0.4196   -1239.9834  0.7966 
   00773    0.4339   -1248.6110  0.8035 
   00774    0.4125   -1280.7314  0.8144 
   00775    0.4268   -1254.0139  0.8189 
   00776    0.3911   -1251.7633  0.8116 
   00777    0.4179   -1266.4641  0.8203 
   00778    0.4143   -1252.2072  0.8050 
   00779    0.4143   -1258.7751  0.8033 
   00780    0.4357   -1253.7494  0.8048 
   00781    0.4339   -1266.6403  0.8082 
   00782    0.4018   -1264.5923  0.8039 
   00783    0.4000   -1286.0890  0.8233 
   00784    0.3696   -1244.0286  0.8015 
   00785    0.3839   -1247.6199  0.8045 
   00786    0.3857   -1204.6669  0.7841 
   00787    0.3964   -1212.0322  0.7833 
   00788    0.4589   -1241.6110  0.7775 
   00789    0.4071   -1264.5493  0.7858 
   00790    0.3929   -1258.0019  0.7907 
   00791    0.4339   -1258.6237  0.7968 
   00792    0.3768   -1279.0659  0.7996 
   00793    0.4000   -1282.0916  0.7871 
   00794    0.3589   -1283.3779  0.7968 
   00795    0.3911   -1319.4079  0.8074 
   00796    0.3946   -1322.1261  0.8006 
   00797    0.3446   -1308.4015  0.8123 
   00798    0.3911   -1299.1634  0.8112 
   00799    0.4321   -1289.7536  0.7969 
   00800    0.4107   -1295.6004  0.7999 
   00801    0.3625   -1310.3982  0.8134 
   00802    0.3982   -1320.1830  0.8191 
   00803    0.3982   -1305.2814  0.8087 
   00804    0.3750   -1294.7146  0.8128 
   00805    0.4304   -1275.5905  0.8131 
   00806    0.3911   -1266.2474  0.8092 
   00807    0.4036   -1278.6986  0.8045 
   00808    0.3982   -1275.0197  0.8005 
   00809    0.3911   -1274.9357  0.8006 
   00810    0.4089   -1264.1426  0.7933 
   00811    0.4196   -1283.2461  0.8070 
   00812    0.4143   -1266.9492  0.8043 
   00813    0.3482   -1237.8299  0.7774 
   00814    0.4161   -1261.5717  0.7845 
   00815    0.3929   -1267.5392  0.7810 
   00816    0.4089   -1252.8474  0.7718 
   00817    0.3857   -1239.0508  0.7670 
   00818    0.3750   -1251.4129  0.7758 
   00819    0.4518   -1252.7446  0.7960 
   00820    0.4321   -1284.7983  0.8105 
   00821    0.4143   -1267.2607  0.8042 
   00822    0.4054   -1285.3464  0.8202 
   00823    0.3768   -1289.5735  0.8352 
   00824    0.3714   -1303.2361  0.8440 
   00825    0.3857   -1322.9399  0.8528 
   00826    0.3982   -1339.6488  0.8581 
   00827    0.3964   -1329.5950  0.8495 
   00828    0.3625   -1327.6311  0.8425 
   00829    0.4071   -1325.0724  0.8390 
   00830    0.3625   -1329.3349  0.8444 
   00831    0.4089   -1310.4367  0.8400 
   00832    0.3536   -1309.9716  0.8362 
   00833    0.3946   -1288.2445  0.8285 
   00834    0.4250   -1288.1110  0.8255 
   00835    0.3518   -1295.4862  0.8321 
   00836    0.3911   -1306.2316  0.8385 
   00837    0.3589   -1282.9019  0.8241 
   00838    0.4071   -1240.6527  0.8189 
   00839    0.3893   -1219.5786  0.8080 
   00840    0.3750   -1238.1704  0.8136 
   00841    0.4107   -1276.3216  0.8245 
   00842    0.4107   -1254.9362  0.8198 
   00843    0.4286   -1258.5680  0.8284 
   00844    0.4143   -1249.9921  0.8239 
   00845    0.4321   -1253.5046  0.8256 
   00846    0.4036   -1246.6332  0.8306 
   00847    0.4357   -1278.6284  0.8407 
   00848    0.3857   -1262.4952  0.8282 
   00849    0.4179   -1249.0276  0.8090 
   00850    0.4214   -1246.5004  0.8112 
   00851    0.3911   -1247.8777  0.8234 
   00852    0.4464   -1270.8422  0.8246 
   00853    0.4161   -1272.4833  0.8281 
   00854    0.3911   -1254.0195  0.8204 
   00855    0.3875   -1255.6462  0.8257 
   00856    0.3696   -1264.7814  0.8309 
   00857    0.3589   -1270.4199  0.8326 
   00858    0.3911   -1276.1947  0.8310 
   00859    0.3875   -1270.3273  0.8284 
   00860    0.3446   -1275.0060  0.8312 
   00861    0.4071   -1268.3316  0.8347 
   00862    0.4018   -1275.6837  0.8382 
   00863    0.4036   -1274.9830  0.8454 
   00864    0.3964   -1281.8043  0.8405 
   00865    0.3893   -1269.4585  0.8297 
   00866    0.3893   -1260.5507  0.8131 
   00867    0.4000   -1266.2140  0.8181 
   00868    0.4107   -1282.6750  0.8195 
   00869    0.4054   -1288.4119  0.8339 
   00870    0.3964   -1284.2885  0.8402 
   00871    0.3929   -1266.5715  0.8308 
   00872    0.4107   -1301.2739  0.8428 
   00873    0.4000   -1300.6450  0.8409 
   00874    0.3768   -1286.1903  0.8442 
   00875    0.3875   -1258.8463  0.8383 
   00876    0.3911   -1257.3850  0.8441 
   00877    0.4607   -1262.5311  0.8366 
   00878    0.3893   -1289.7452  0.8490 
   00879    0.4339   -1266.5225  0.8386 
   00880    0.4250   -1264.7709  0.8397 
   00881    0.4375   -1260.7838  0.8388 
   00882    0.4036   -1254.4877  0.8405 
   00883    0.4464   -1294.3815  0.8542 
   00884    0.3857   -1313.6152  0.8532 
   00885    0.4286   -1294.2144  0.8436 
   00886    0.4179   -1306.5823  0.8363 
   00887    0.4268   -1312.3121  0.8350 
   00888    0.3857   -1291.2437  0.8357 
   00889    0.4161   -1286.0704  0.8425 
   00890    0.4268   -1301.1778  0.8489 
   00891    0.3804   -1315.4188  0.8508 
   00892    0.4357   -1317.0496  0.8440 
   00893    0.3964   -1283.0356  0.8423 
   00894    0.4054   -1307.8565  0.8554 
   00895    0.4071   -1285.2679  0.8466 
   00896    0.4089   -1270.3403  0.8322 
   00897    0.3821   -1269.5166  0.8388 
   00898    0.4143   -1275.9040  0.8438 
   00899    0.4161   -1258.2991  0.8372 
   00900    0.4214   -1260.7856  0.8389 
   00901    0.4071   -1289.7441  0.8465 
   00902    0.3929   -1300.6044  0.8529 
   00903    0.4107   -1281.9456  0.8478 
   00904    0.4000   -1289.6719  0.8491 
   00905    0.3643   -1301.2854  0.8464 
   00906    0.3946   -1284.6493  0.8459 
   00907    0.3839   -1292.1659  0.8535 
   00908    0.3929   -1277.8196  0.8451 
   00909    0.3875   -1287.3070  0.8471 
   00910    0.4107   -1292.8599  0.8477 
   00911    0.4143   -1264.1091  0.8342 
   00912    0.4214   -1252.1046  0.8318 
   00913    0.4357   -1281.9816  0.8423 
   00914    0.4089   -1294.1205  0.8434 
   00915    0.4054   -1272.0034  0.8377 
   00916    0.4357   -1254.4401  0.8344 
   00917    0.4357   -1274.1189  0.8365 
   00918    0.3875   -1282.9212  0.8319 
   00919    0.3821   -1306.9738  0.8432 
   00920    0.4107   -1283.3021  0.8402 
   00921    0.4000   -1287.0376  0.8312 
   00922    0.3964   -1291.4298  0.8439 
   00923    0.3750   -1307.1758  0.8454 
   00924    0.4286   -1284.7561  0.8303 
   00925    0.3857   -1281.4607  0.8254 
   00926    0.3661   -1295.7637  0.8263 
   00927    0.4518   -1309.1588  0.8338 
   00928    0.3857   -1312.8367  0.8375 
   00929    0.3643   -1318.5035  0.8320 
   00930    0.3786   -1325.8819  0.8275 
   00931    0.3589   -1320.5203  0.8377 
   00932    0.3589   -1326.1246  0.8392 
   00933    0.3946   -1317.3285  0.8440 
   00934    0.3786   -1317.5736  0.8417 
   00935    0.3929   -1302.2951  0.8269 
   00936    0.3607   -1258.2921  0.8158 
   00937    0.3982   -1253.5055  0.8148 
   00938    0.4125   -1250.0405  0.8093 
   00939    0.4054   -1234.7004  0.8021 
   00940    0.4179   -1228.1800  0.8109 
   00941    0.4125   -1240.8529  0.7942 
   00942    0.4125   -1254.9102  0.7949 
   00943    0.3750   -1247.2282  0.7907 
   00944    0.3804   -1224.4348  0.7911 
   00945    0.4214   -1211.3021  0.7888 
   00946    0.4196   -1232.5462  0.7941 
   00947    0.4018   -1214.5841  0.7983 
   00948    0.4232   -1254.1882  0.8056 
   00949    0.4143   -1253.3277  0.7993 
   00950    0.3589   -1240.1047  0.7810 
   00951    0.4107   -1234.0564  0.7800 
   00952    0.4036   -1259.6704  0.7842 
   00953    0.3839   -1253.9116  0.7792 
   00954    0.4143   -1247.2671  0.7840 
   00955    0.3964   -1249.1909  0.7859 
   00956    0.4446   -1226.8468  0.7846 
   00957    0.4268   -1243.4094  0.7844 
   00958    0.4393   -1242.6987  0.7874 
   00959    0.4196   -1265.2338  0.7954 
   00960    0.4232   -1254.8323  0.8071 
   00961    0.4018   -1278.8490  0.8195 
   00962    0.3857   -1292.2634  0.8272 
   00963    0.4089   -1289.3679  0.8170 
   00964    0.3821   -1266.8964  0.8123 
   00965    0.4196   -1272.8114  0.8079 
   00966    0.4071   -1285.7676  0.8238 
   00967    0.4125   -1276.2004  0.8235 
   00968    0.4107   -1280.9070  0.8176 
   00969    0.3839   -1297.1012  0.8265 
   00970    0.3911   -1289.3874  0.8174 
   00971    0.3786   -1291.6661  0.8175 
   00972    0.3893   -1292.7078  0.8255 
   00973    0.3946   -1306.6427  0.8347 
   00974    0.3911   -1281.6649  0.8351 
   00975    0.3679   -1299.3185  0.8433 
   00976    0.4054   -1306.2623  0.8453 
   00977    0.4000   -1297.9249  0.8468 
   00978    0.3982   -1304.4708  0.8452 
   00979    0.4036   -1323.3121  0.8488 
   00980    0.4036   -1308.9009  0.8424 
   00981    0.3982   -1311.4886  0.8419 
   00982    0.3929   -1297.1042  0.8360 
   00983    0.4286   -1275.6806  0.8282 
   00984    0.4357   -1273.0846  0.8229 
   00985    0.3857   -1272.6633  0.8183 
   00986    0.3500   -1277.3031  0.8219 
   00987    0.3875   -1260.7358  0.8156 
   00988    0.4143   -1265.7618  0.8116 
   00989    0.3768   -1275.2342  0.8065 
   00990    0.4179   -1264.2121  0.7980 
   00991    0.3750   -1254.4701  0.7909 
   00992    0.4214   -1245.4063  0.7828 
   00993    0.3661   -1267.0738  0.7964 
   00994    0.4375   -1253.4780  0.7937 
   00995    0.4375   -1280.0214  0.8132 
   00996    0.4214   -1263.5796  0.7953 
   00997    0.4089   -1263.5935  0.8050 
   00998    0.4339   -1281.4194  0.8113 
   00999    0.4214   -1258.8012  0.7929 
   01000    0.4232   -1250.1627  0.7904 
