#=====================================================
# File created:        Sun-26-Oct-2025-at-07-07-45PM
# Size of lattice:     20x20
# Number of MC steps:  1000
# Reduced temperature: 0.650
# Run time (s):        0.586689
#=====================================================
# MC step:  Ratio:     Energy:   Order:
#=====================================================
   00000    0.5000    -401.8422  0.2707 
   00001    0.7350    -551.4703  0.2748 
   00002    0.7050    -646.4684  0.2581 
   00003    0.7175    -756.0752  0.2656 
   00004    0.6375    -817.9766  0.2664 
   00005    0.6325    -861.1650  0.2610 
   00006    0.6400    -889.7908  0.2772 
   00007    0.6250    -941.5475  0.2808 
   00008    0.6150    -988.0975  0.2672 
   00009    0.5875    -993.0440  0.2831 
   00010    0.5925   -1008.0525  0.2821 
   00011    0.5900   -1015.5173  0.2615 
   00012    0.6025   -1041.2429  0.2721 
   00013    0.6050   -1071.6480  0.2828 
   00014    0.5675   -1091.8471  0.2731 
   00015    0.5525   -1069.2935  0.2756 
   00016    0.5475   -1040.2566  0.2972 
   00017    0.5625   -1089.2360  0.2762 
   00018    0.5250   -1094.8553  0.2699 
   00019    0.5525   -1102.6508  0.2620 
   00020    0.5700   -1103.5473  0.2659 
   00021    0.6075   -1138.8873  0.2771 
   00022    0.5525   -1136.4483  0.3043 
   00023    0.5550   -1131.5473  0.3103 
   00024    0.5900   -1139.4738  0.3099 
   00025    0.5675   -1121.7367  0.3165 
   00026    0.5800   -1134.7420  0.3404 
   00027    0.5450   -1148.3389  0.3464 
   00028    0.5350   -1159.6736  0.3635 
   00029    0.5250   -1165.5067  0.3854 
   00030    0.5000   -1180.5707  0.4097 
   00031    0.5325   -1190.3372  0.4213 
   00032    0.5400   -1188.0786  0.4223 
   00033    0.5450   -1192.3663  0.4344 
   00034    0.5625   -1185.8851  0.4054 
   00035    0.5275   -1193.3569  0.4221 
   00036    0.5425   -1199.1241  0.4029 
   00037    0.5375   -1240.0726  0.4148 
   00038    0.5225   -1208.1887  0.4102 
   00039    0.5400   -1217.7085  0.4303 
   00040    0.5450   -1246.5053  0.4180 
   00041    0.5050   -1233.6475  0.4172 
   00042    0.4950   -1231.8944  0.4128 
   00043    0.4875   -1242.9110  0.4248 
   00044    0.5800   -1242.3621  0.4224 
   00045    0.5550   -1223.3960  0.4292 
   00046    0.5250   -1222.4509  0.4392 
   00047    0.4775   -1221.6593  0.4126 
   00048    0.5175   -1213.7216  0.3960 
   00049    0.5025   -1213.6070  0.3946 
   00050    0.5275   -1208.6505  0.3848 
   00051    0.5850   -1192.1893  0.3846 
   00052    0.5175   -1176.9950  0.4044 
   00053    0.5350   -1184.5415  0.3984 
   00054    0.5300   -1186.6857  0.3996 
   00055    0.5350   -1159.6986  0.3978 
   00056    0.5525   -1176.3850  0.4147 
   00057    0.5725   -1152.6115  0.4000 
   00058    0.5650   -1170.1421  0.3861 
   00059    0.5600   -1193.2397  0.3968 
   00060    0.5150   -1193.1062  0.3843 
   00061    0.4850   -1205.4511  0.3722 
   00062    0.5075   -1220.3385  0.3770 
   00063    0.5525   -1205.2806  0.3717 
   00064    0.5200   -1225.0835  0.3986 
   00065    0.5400   -1220.7452  0.3890 
   00066    0.5400   -1220.0103  0.4071 
   00067    0.5150   -1220.3230  0.4065 
   00068    0.5400   -1203.9285  0.4131 
   00069    0.5125   -1205.9194  0.3947 
   00070    0.4900   -1208.0373  0.3951 
   00071    0.5575   -1216.0511  0.4017 
   00072    0.5450   -1217.9616  0.3775 
   00073    0.5575   -1228.1011  0.3709 
   00074    0.5450   -1206.5652  0.3670 
   00075    0.5250   -1195.9853  0.3568 
   00076    0.5075   -1190.7620  0.3560 
   00077    0.5675   -1213.9975  0.3456 
   00078    0.5450   -1224.5179  0.3539 
   00079    0.5575   -1209.2302  0.3421 
   00080    0.5250   -1208.9020  0.3452 
   00081    0.4800   -1187.9646  0.3569 
   00082    0.5275   -1195.9505  0.3699 
   00083    0.5350   -1208.2515  0.3720 
   00084    0.5550   -1210.3352  0.3834 
   00085    0.5450   -1240.2373  0.3860 
   00086    0.5475   -1236.8228  0.3905 
   00087    0.5325   -1210.3041  0.3875 
   00088    0.5800   -1223.4312  0.3798 
   00089    0.5125   -1221.4086  0.3965 
   00090    0.5700   -1225.9657  0.3682 
   00091    0.5225   -1206.2055  0.3540 
   00092    0.5200   -1204.6360  0.3789 
   00093    0.5275   -1199.3950  0.3857 
   00094    0.5700   -1218.5939  0.3970 
   00095    0.5150   -1206.7241  0.3889 
   00096    0.5200   -1212.0994  0.3813 
   00097    0.5175   -1200.6087  0.3871 
   00098    0.4950   -1176.7750  0.3895 
   00099    0.5350   -1192.0814  0.3770 
   00100    0.5400   -1163.0928  0.3628 
   00101    0.5000   -1177.8455  0.3651 
   00102    0.5475   -1174.5339  0.3564 
   00103    0.5175   -1170.8863  0.3557 
   00104    0.6125   -1176.0905  0.3736 
   00105    0.5675   -1197.3056  0.3836 
   00106    0.5425   -1191.2524  0.3791 
   00107    0.5325   -1197.0727  0.3683 
   00108    0.5650   -1188.8397  0.3581 
   00109    0.5300   -1188.6229  0.3591 
   00110    0.5275   -1215.6274  0.3512 
   00111    0.4775   -1205.5651  0.3523 
   00112    0.5025   -1199.5195  0.3535 
   00113    0.5350   -1206.9366  0.3794 
   00114    0.5175   -1215.0575  0.3850 
   00115    0.5625   -1196.4894  0.4129 
   00116    0.5525   -1195.8102  0.4331 
   00117    0.5300   -1223.6652  0.4450 
   00118    0.5425   -1218.8671  0.4272 
   00119    0.5500   -1244.0855  0.4234 
   00120    0.5125   -1251.9728  0.4091 
   00121    0.5450   -1256.2156  0.4112 
   00122    0.5425   -1282.6711  0.4157 
   00123    0.5175   -1286.5307  0.4073 
   00124    0.5075   -1262.5350  0.4108 
   00125    0.5675   -1271.1491  0.4173 
   00126    0.5250   -1270.5300  0.4138 
   00127    0.5175   -1254.2732  0.4058 
   00128    0.5075   -1274.8099  0.4045 
   00129    0.5000   -1273.4158  0.4217 
   00130    0.5300   -1249.6423  0.4098 
   00131    0.5550   -1242.3667  0.4103 
   00132    0.5050   -1271.0672  0.4064 
   00133    0.5200   -1243.2158  0.4083 
   00134    0.5100   -1237.8308  0.4103 
   00135    0.5275   -1228.3146  0.3988 
   00136    0.5750   -1220.2725  0.3958 
   00137    0.5425   -1240.3593  0.3901 
   00138    0.5150   -1240.4893  0.3983 
   00139    0.5450   -1232.4796  0.3908 
   00140    0.5125   -1231.9006  0.3993 
   00141    0.5250   -1215.5399  0.3888 
   00142    0.5625   -1232.9997  0.3847 
   00143    0.5700   -1225.1567  0.3967 
   00144    0.5575   -1212.7706  0.3847 
   00145    0.5525   -1230.0018  0.3873 
   00146    0.5275   -1200.7255  0.3889 
   00147    0.5550   -1212.5452  0.3983 
   00148    0.5225   -1199.3895  0.3991 
   00149    0.6200   -1198.9529  0.3928 
   00150    0.5500   -1231.6738  0.3996 
   00151    0.5700   -1238.9684  0.3824 
   00152    0.5725   -1230.3114  0.4028 
   00153    0.5425   -1223.7411  0.4025 
   00154    0.5050   -1223.4506  0.4054 
   00155    0.5475   -1227.6376  0.3994 
   00156    0.5175   -1205.0439  0.3940 
   00157    0.5000   -1221.2355  0.3896 
   00158    0.5275   -1219.5329  0.3779 
   00159    0.5075   -1213.7965  0.3955 
   00160    0.5425   -1251.7774  0.3982 
   00161    0.5400   -1242.5534  0.3977 
   00162    0.5450   -1219.8475  0.3876 
   00163    0.5375   -1214.0793  0.3896 
   00164    0.5350   -1217.8173  0.3978 
   00165    0.5275   -1239.5597  0.4111 
   00166    0.4650   -1262.0736  0.4237 
   00167    0.4825   -1253.4939  0.4313 
   00168    0.4675   -1232.1455  0.4149 
   00169    0.5075   -1221.3027  0.4251 
   00170    0.5425   -1212.8032  0.3938 
   00171    0.5475   -1217.9325  0.3993 
   00172    0.5275   -1222.1192  0.4004 
   00173    0.5250   -1246.5974  0.4090 
   00174    0.5000   -1246.8645  0.3975 
   00175    0.5150   -1244.2116  0.4055 
   00176    0.5200   -1227.0435  0.4059 
   00177    0.5150   -1222.1131  0.4176 
   00178    0.5425   -1222.2561  0.4410 
   00179    0.5875   -1204.7502  0.4248 
   00180    0.5550   -1204.3849  0.4201 
   00181    0.5175   -1194.1087  0.4223 
   00182    0.5200   -1197.2639  0.4309 
   00183    0.5650   -1229.5509  0.4198 
   00184    0.5825   -1250.0272  0.4257 
   00185    0.5425   -1233.5204  0.4203 
   00186    0.5375   -1213.2785  0.4266 
   00187    0.5200   -1202.1052  0.4228 
   00188    0.5000   -1208.7687  0.4406 
   00189    0.5725   -1187.0745  0.4316 
   00190    0.5375   -1196.2613  0.4430 
   00191    0.5625   -1208.1181  0.4338 
   00192    0.5575   -1208.0542  0.4191 
   00193    0.5350   -1191.8869  0.4368 
   00194    0.5675   -1191.4503  0.4343 
   00195    0.5175   -1183.8928  0.4389 
   00196    0.5125   -1180.4503  0.4328 
   00197    0.5700   -1182.2024  0.4391 
   00198    0.5250   -1180.1208  0.4520 
   00199    0.5725   -1201.2426  0.4503 
   00200    0.5850   -1215.3016  0.4534 
   00201    0.5575   -1190.1211  0.4445 
   00202    0.5675   -1191.3188  0.4480 
   00203    0.5500   -1190.5457  0.4416 
   00204    0.5500   -1174.5238  0.4378 
   00205    0.4950   -1157.6158  0.4375 
   00206    0.5875   -1180.2851  0.4405 
   00207    0.5925   -1164.9434  0.4462 
   00208    0.5575   -1167.1950  0.4451 
   00209    0.5325   -1203.6926  0.4455 
   00210    0.5350   -1212.4241  0.4213 
   00211    0.5250   -1215.3984  0.4053 
   00212    0.5375   -1237.9639  0.4230 
   00213    0.5200   -1238.7808  0.4225 
   00214    0.5075   -1237.9128  0.4170 
   00215    0.5425   -1244.6711  0.4246 
   00216    0.4725   -1242.2279  0.4335 
   00217    0.5300   -1227.5660  0.4226 
   00218    0.6075   -1235.6764  0.4392 
   00219    0.5625   -1198.4220  0.4334 
   00220    0.5425   -1224.8690  0.4401 
   00221    0.5200   -1219.4077  0.4398 
   00222    0.5600   -1230.0451  0.4184 
   00223    0.5350   -1233.5083  0.4301 
   00224    0.5575   -1236.6338  0.4286 
   00225    0.5550   -1222.1025  0.4240 
   00226    0.5050   -1235.0466  0.4403 
   00227    0.5075   -1229.4730  0.4257 
   00228    0.5875   -1238.8246  0.4279 
   00229    0.5175   -1235.4234  0.4438 
   00230    0.5225   -1214.7859  0.4684 
   00231    0.5525   -1201.9047  0.4795 
   00232    0.5575   -1241.6855  0.4680 
   00233    0.5025   -1233.1382  0.4482 
   00234    0.5350   -1215.2858  0.4560 
   00235    0.5675   -1192.9270  0.4642 
   00236    0.5025   -1176.4542  0.4585 
   00237    0.5600   -1199.0375  0.4658 
   00238    0.5700   -1207.4485  0.4794 
   00239    0.5600   -1223.3140  0.5036 
   00240    0.5575   -1209.6371  0.4943 
   00241    0.5300   -1214.3011  0.5021 
   00242    0.4975   -1206.4218  0.4972 
   00243    0.5300   -1207.0878  0.4978 
   00244    0.5450   -1216.3277  0.4814 
   00245    0.5700   -1226.8259  0.4964 
   00246    0.5075   -1228.0221  0.4881 
   00247    0.5200   -1224.1561  0.4751 
   00248    0.5650   -1206.8117  0.4663 
   00249    0.5525   -1227.0089  0.4760 
   00250    0.5275   -1197.2858  0.4790 
   00251    0.4975   -1217.3918  0.4773 
   00252    0.5350   -1204.5960  0.4710 
   00253    0.5750   -1198.8947  0.4636 
   00254    0.5600   -1183.9282  0.4607 
   00255    0.6025   -1196.7790  0.4738 
   00256    0.5425   -1197.9199  0.4767 
   00257    0.5425   -1192.8420  0.4839 
   00258    0.5225   -1182.2737  0.5078 
   00259    0.5800   -1184.5913  0.5006 
   00260    0.5325   -1174.9386  0.4829 
   00261    0.5500   -1174.5090  0.4888 
   00262    0.5900   -1192.1491  0.5001 
   00263    0.5050   -1208.3973  0.5082 
   00264    0.5325   -1230.3590  0.5205 
   00265    0.5275   -1256.1649  0.5385 
   00266    0.5625   -1205.6073  0.5093 
   00267    0.5150   -1220.8259  0.5035 
   00268    0.5575   -1211.7185  0.4940 
   00269    0.5600   -1214.6652  0.4822 
   00270    0.5300   -1199.0296  0.4653 
   00271    0.6025   -1205.3822  0.4555 
   00272    0.5475   -1204.6824  0.4457 
   00273    0.5400   -1219.9088  0.4413 
   00274    0.5600   -1230.4043  0.4467 
   00275    0.5575   -1202.3745  0.4344 
   00276    0.5000   -1226.6123  0.4404 
   00277    0.5225   -1232.3674  0.4496 
   00278    0.4875   -1239.8993  0.4491 
   00279    0.5725   -1252.1095  0.4465 
   00280    0.5450   -1253.6092  0.4688 
   00281    0.5550   -1236.9740  0.4813 
   00282    0.5200   -1224.2666  0.4690 
   00283    0.5100   -1242.9171  0.4807 
   00284    0.4950   -1237.3576  0.4648 
   00285    0.6225   -1231.7764  0.4579 
   00286    0.5300   -1236.6071  0.4373 
   00287    0.5475   -1221.8742  0.4601 
   00288    0.5600   -1231.2334  0.4736 
   00289    0.5525   -1237.0133  0.4812 
   00290    0.5550   -1249.2984  0.4786 
   00291    0.5700   -1246.4632  0.4815 
   00292    0.5825   -1253.0761  0.4715 
   00293    0.5225   -1264.6692  0.4796 
   00294    0.5450   -1249.3060  0.4771 
   00295    0.4975   -1247.6413  0.4699 
   00296    0.5100   -1239.9602  0.4667 
   00297    0.5500   -1207.1307  0.4528 
   00298    0.5225   -1211.2814  0.4443 
   00299    0.4750   -1232.8968  0.4393 
   00300    0.5525   -1238.1200  0.4427 
   00301    0.5150   -1244.9070  0.4318 
   00302    0.4825   -1253.7220  0.4120 
   00303    0.5675   -1265.7707  0.4314 
   00304    0.5150   -1232.7486  0.4479 
   00305    0.5100   -1222.5359  0.4448 
   00306    0.5225   -1214.1475  0.4492 
   00307    0.5050   -1234.9168  0.4646 
   00308    0.5650   -1251.4578  0.4498 
   00309    0.5550   -1263.3840  0.4345 
   00310    0.5050   -1219.1062  0.4327 
   00311    0.5225   -1217.6771  0.4217 
   00312    0.5225   -1211.6590  0.4118 
   00313    0.5050   -1208.6517  0.4203 
   00314    0.5525   -1213.5348  0.4180 
   00315    0.5275   -1231.2856  0.4418 
   00316    0.5100   -1186.1731  0.4235 
   00317    0.5475   -1204.9277  0.4339 
   00318    0.5900   -1236.3771  0.4182 
   00319    0.5400   -1240.6651  0.4313 
   00320    0.5250   -1248.7283  0.4263 
   00321    0.5050   -1256.9307  0.4019 
   00322    0.5375   -1266.8735  0.4232 
   00323    0.5200   -1274.4498  0.4345 
   00324    0.5325   -1280.3248  0.4320 
   00325    0.5550   -1257.9058  0.4364 
   00326    0.5175   -1261.5847  0.4439 
   00327    0.4950   -1256.5472  0.4405 
   00328    0.5125   -1251.5997  0.4317 
   00329    0.5225   -1271.0555  0.4170 
   00330    0.5075   -1264.0080  0.4184 
   00331    0.5200   -1268.3621  0.4391 
   00332    0.4850   -1279.4417  0.4222 
   00333    0.5200   -1245.3500  0.4178 
   00334    0.5325   -1232.8096  0.4106 
   00335    0.5300   -1222.0561  0.4053 
   00336    0.5150   -1240.6191  0.4130 
   00337    0.5725   -1208.1144  0.4231 
   00338    0.4975   -1194.1046  0.4109 
   00339    0.5475   -1216.8997  0.4205 
   00340    0.5375   -1262.2347  0.4250 
   00341    0.5800   -1264.6758  0.4510 
   00342    0.4900   -1270.3440  0.4717 
   00343    0.4925   -1267.2001  0.4584 
   00344    0.4900   -1282.0979  0.4585 
   00345    0.5150   -1291.2690  0.4696 
   00346    0.5325   -1286.2159  0.4762 
   00347    0.5075   -1276.8905  0.4944 
   00348    0.5125   -1290.6374  0.5014 
   00349    0.4975   -1282.5232  0.5061 
   00350    0.5175   -1313.0014  0.5213 
   00351    0.5100   -1297.8373  0.5111 
   00352    0.5225   -1260.7416  0.5164 
   00353    0.5375   -1246.9918  0.5122 
   00354    0.4950   -1269.4959  0.4922 
   00355    0.5075   -1264.1721  0.4990 
   00356    0.5375   -1269.3595  0.5208 
   00357    0.4950   -1249.5300  0.5030 
   00358    0.5125   -1247.9141  0.5082 
   00359    0.5475   -1258.0274  0.5180 
   00360    0.5050   -1248.4063  0.5312 
   00361    0.5350   -1220.8153  0.5271 
   00362    0.4675   -1235.8890  0.5375 
   00363    0.5250   -1244.6371  0.5432 
   00364    0.4975   -1256.4567  0.5405 
   00365    0.5725   -1244.1997  0.5423 
   00366    0.4600   -1242.5148  0.5198 
   00367    0.5400   -1224.8479  0.5319 
   00368    0.5375   -1247.7011  0.5529 
   00369    0.5050   -1245.2913  0.5531 
   00370    0.4925   -1246.2504  0.5336 
   00371    0.5825   -1245.4628  0.5385 
   00372    0.5000   -1276.2816  0.5506 
   00373    0.5025   -1279.9829  0.5636 
   00374    0.5525   -1298.8703  0.5653 
   00375    0.5325   -1270.2904  0.5608 
   00376    0.5175   -1284.5404  0.5767 
   00377    0.5250   -1287.0623  0.5992 
   00378    0.5175   -1280.7775  0.6109 
   00379    0.5050   -1230.5629  0.6103 
   00380    0.5125   -1239.2348  0.6193 
   00381    0.5350   -1242.4807  0.6234 
   00382    0.5375   -1245.4758  0.6269 
   00383    0.5800   -1217.6408  0.6434 
   00384    0.5450   -1217.0210  0.6490 
   00385    0.5550   -1227.2182  0.6638 
   00386    0.5450   -1220.0391  0.6590 
   00387    0.5750   -1214.9855  0.6701 
   00388    0.5125   -1225.9153  0.6837 
   00389    0.5175   -1240.2993  0.6907 
   00390    0.5375   -1248.6622  0.6948 
   00391    0.5375   -1251.1650  0.7013 
   00392    0.4775   -1246.1623  0.6923 
   00393    0.5450   -1232.7766  0.6861 
   00394    0.5325   -1240.5226  0.6723 
   00395    0.5475   -1205.0079  0.6578 
   00396    0.5175   -1194.9324  0.6606 
   00397    0.5350   -1192.1320  0.6640 
   00398    0.5700   -1222.6619  0.6612 
   00399    0.5875   -1247.3824  0.6718 
   00400    0.5200   -1263.1374  0.6756 
   00401    0.5200   -1250.7818  0.6799 
   00402    0.5150   -1256.4121  0.6668 
   00403    0.5475   -1249.6997  0.6676 
   00404    0.5100   -1235.1632  0.6585 
   00405    0.5025   -1247.8607  0.6740 
   00406    0.5050   -1258.6125  0.6709 
   00407    0.5300   -1268.8748  0.6753 
   00408    0.5350   -1270.1756  0.6625 
   00409    0.5250   -1274.8592  0.6739 
   00410    0.4975   -1276.9400  0.6763 
   00411    0.5150   -1258.8192  0.6748 
   00412    0.5125   -1277.0622  0.6922 
   00413    0.5125   -1274.7513  0.6948 
   00414    0.5050   -1283.2961  0.6753 
   00415    0.5200   -1268.6430  0.6769 
   00416    0.5200   -1291.4363  0.6830 
   00417    0.4950   -1270.9322  0.6761 
   00418    0.5350   -1281.0431  0.6746 
   00419    0.4975   -1294.6599  0.6633 
   00420    0.5150   -1300.2273  0.6916 
   00421    0.5100   -1302.7528  0.6724 
   00422    0.5100   -1281.7637  0.6535 
   00423    0.4850   -1295.3859  0.6374 
   00424    0.5125   -1270.6531  0.6448 
   00425    0.5225   -1278.8663  0.6413 
   00426    0.5325   -1245.6177  0.6324 
   00427    0.5350   -1256.6819  0.6291 
   00428    0.5150   -1264.2570  0.6332 
   00429    0.5350   -1235.9616  0.6185 
   00430    0.5175   -1225.9780  0.6185 
   00431    0.5500   -1194.1231  0.6284 
   00432    0.5400   -1199.3258  0.6299 
   00433    0.5400   -1201.6231  0.6128 
   00434    0.5625   -1202.2934  0.6280 
   00435    0.5325   -1228.2770  0.6545 
   00436    0.5650   -1238.1336  0.6519 
   00437    0.5750   -1253.4769  0.6728 
   00438    0.5375   -1225.7404  0.6648 
   00439    0.5025   -1201.7780  0.6552 
   00440    0.5200   -1227.8800  0.6671 
   00441    0.5375   -1245.2638  0.6581 
   00442    0.5200   -1274.7127  0.6728 
   00443    0.5000   -1261.1242  0.6770 
   00444    0.4850   -1271.2567  0.6796 
   00445    0.5250   -1231.0022  0.6700 
   00446    0.5725   -1252.9309  0.6926 
   00447    0.5525   -1257.4966  0.6961 
   00448    0.5325   -1261.8853  0.6868 
   00449    0.5450   -1236.8186  0.6634 
   00450    0.5025   -1251.8431  0.6705 
   00451    0.4725   -1277.6099  0.6985 
   00452    0.4650   -1268.3687  0.6905 
   00453    0.5125   -1255.9127  0.6788 
   00454    0.5500   -1266.5796  0.6744 
   00455    0.5325   -1269.0411  0.6911 
   00456    0.4875   -1261.4282  0.6791 
   00457    0.4650   -1246.4172  0.6621 
   00458    0.5575   -1239.8659  0.6602 
   00459    0.5425   -1248.9521  0.6622 
   00460    0.5125   -1286.6556  0.6682 
   00461    0.5000   -1305.0032  0.6751 
   00462    0.4875   -1303.1002  0.6643 
   00463    0.5000   -1299.7906  0.6651 
   00464    0.5575   -1304.1500  0.6727 
   00465    0.5025   -1305.0309  0.6662 
   00466    0.4600   -1288.7920  0.6731 
   00467    0.4750   -1284.5160  0.6583 
   00468    0.4975   -1287.5038  0.6399 
   00469    0.5400   -1279.9714  0.6559 
   00470    0.5225   -1275.7433  0.6502 
   00471    0.5300   -1230.8360  0.6456 
   00472    0.5275   -1246.5787  0.6658 
   00473    0.4950   -1254.5627  0.6676 
   00474    0.5375   -1268.3760  0.6960 
   00475    0.5725   -1279.2339  0.6931 
   00476    0.4925   -1269.7963  0.6768 
   00477    0.4775   -1306.2396  0.6876 
   00478    0.4950   -1298.5713  0.6947 
   00479    0.5250   -1307.8421  0.7060 
   00480    0.4975   -1295.6641  0.6986 
   00481    0.4825   -1277.4285  0.6990 
   00482    0.5400   -1265.3260  0.6848 
   00483    0.5300   -1225.8013  0.6770 
   00484    0.5625   -1242.0281  0.6803 
   00485    0.5150   -1257.9533  0.6905 
   00486    0.5075   -1271.9922  0.6966 
   00487    0.4600   -1280.8641  0.6977 
   00488    0.4850   -1279.3673  0.7017 
   00489    0.5725   -1277.8185  0.6799 
   00490    0.5300   -1267.8777  0.6769 
   00491    0.5625   -1237.2728  0.6646 
   00492    0.5300   -1255.1880  0.6856 
   00493    0.5675   -1251.1792  0.6813 
   00494    0.5025   -1260.4900  0.6811 
   00495    0.5000   -1260.8493  0.6826 
   00496    0.5275   -1280.1874  0.6903 
   00497    0.5075   -1274.6752  0.6916 
   00498    0.4900   -1246.8556  0.7033 
   00499    0.4925   -1224.4576  0.6923 
   00500    0.5325   -1230.4478  0.7059 
   00501    0.5100   -1264.7861  0.7043 
   00502    0.5425   -1246.4824  0.7151 
   00503    0.5325   -1267.2547  0.7214 
   00504    0.5325   -1272.8380  0.7310 
   00505    0.5175   -1250.0553  0.7353 
   00506    0.5100   -1258.5140  0.7349 
   00507    0.4750   -1301.3366  0.7357 
   00508    0.4825   -1270.4797  0.7262 
   00509    0.5400   -1279.5697  0.7387 
   00510    0.5375   -1308.0011  0.7497 
   00511    0.4800   -1299.1538  0.7277 
   00512    0.5250   -1305.6031  0.7472 
   00513    0.5325   -1292.1240  0.7547 
   00514    0.5125   -1294.4248  0.7690 
   00515    0.5375   -1255.1695  0.7659 
   00516    0.4625   -1274.1264  0.7683 
   00517    0.5100   -1297.2614  0.7769 
   00518    0.4900   -1310.9612  0.7895 
   00519    0.5400   -1316.1708  0.8042 
   00520    0.5050   -1354.4937  0.8334 
   00521    0.5025   -1352.2051  0.8335 
   00522    0.5025   -1327.6537  0.8216 
   00523    0.4975   -1298.6575  0.8113 
   00524    0.5700   -1290.4146  0.7996 
   00525    0.5000   -1290.6079  0.8086 
   00526    0.5725   -1302.2768  0.8172 
   00527    0.5550   -1311.3567  0.8029 
   00528    0.5000   -1289.5479  0.8074 
   00529    0.5725   -1267.3626  0.7940 
   00530    0.5475   -1268.7951  0.7753 
   00531    0.5300   -1253.3880  0.7666 
   00532    0.5250   -1274.4428  0.7938 
   00533    0.5075   -1275.9240  0.7945 
   00534    0.5200   -1269.1888  0.7946 
   00535    0.4975   -1270.6236  0.7958 
   00536    0.5075   -1286.5736  0.8074 
   00537    0.5200   -1279.8460  0.7931 
   00538    0.5375   -1247.3381  0.7880 
   00539    0.5275   -1255.9257  0.8074 
   00540    0.5525   -1264.7538  0.8111 
   00541    0.5000   -1285.4835  0.8061 
   00542    0.5750   -1289.8007  0.8188 
   00543    0.5250   -1316.3419  0.8295 
   00544    0.4775   -1317.7082  0.8315 
   00545    0.5175   -1316.7193  0.8296 
   00546    0.5725   -1273.5062  0.8281 
   00547    0.5475   -1285.2176  0.8213 
   00548    0.5100   -1269.3431  0.8080 
   00549    0.5325   -1295.3419  0.8228 
   00550    0.4925   -1284.5778  0.8056 
   00551    0.5300   -1256.0109  0.7835 
   00552    0.5400   -1270.0649  0.7952 
   00553    0.5525   -1268.2762  0.7909 
   00554    0.5200   -1253.3325  0.7874 
   00555    0.5400   -1277.7628  0.7970 
   00556    0.4950   -1277.4310  0.7907 
   00557    0.5150   -1281.2251  0.7976 
   00558    0.5350   -1269.8136  0.7927 
   00559    0.5500   -1257.0089  0.7834 
   00560    0.5100   -1265.9779  0.7830 
   00561    0.5625   -1278.7388  0.7861 
   00562    0.5650   -1280.1325  0.7866 
   00563    0.4750   -1306.0526  0.8020 
   00564    0.4775   -1293.0471  0.8080 
   00565    0.5175   -1315.7162  0.8227 
   00566    0.5400   -1294.6915  0.8143 
   00567    0.5625   -1284.4465  0.8107 
   00568    0.5750   -1280.7095  0.8049 
   00569    0.5175   -1270.2975  0.7892 
   00570    0.5200   -1269.8737  0.7975 
   00571    0.5575   -1267.2762  0.7980 
   00572    0.5025   -1270.5044  0.8030 
   00573    0.5025   -1261.8732  0.7957 
   00574    0.4900   -1289.6351  0.7916 
   00575    0.5150   -1285.0860  0.7868 
   00576    0.5050   -1285.5878  0.7896 
   00577    0.4975   -1285.8160  0.7877 
   00578    0.5300   -1283.6311  0.7831 
   00579    0.4825   -1295.9384  0.7926 
   00580    0.4875   -1302.5262  0.8134 
   00581    0.5475   -1277.5394  0.8108 
   00582    0.5050   -1294.2463  0.8052 
   00583    0.4900   -1308.1778  0.8172 
   00584    0.4675   -1311.4703  0.8140 
   00585    0.5475   -1315.1329  0.8189 
   00586    0.5150   -1306.1176  0.8140 
   00587    0.5350   -1316.2921  0.8218 
   00588    0.5025   -1305.8212  0.8156 
   00589    0.4850   -1295.4398  0.8286 
   00590    0.5050   -1306.4251  0.8283 
   00591    0.5350   -1315.6321  0.8326 
   00592    0.5225   -1304.6862  0.8226 
   00593    0.5200   -1293.3784  0.8173 
   00594    0.5275   -1291.8097  0.8112 
   00595    0.5050   -1290.2835  0.8080 
   00596    0.5400   -1301.4262  0.8218 
   00597    0.4850   -1329.7480  0.8404 
   00598    0.4900   -1349.7666  0.8454 
   00599    0.5000   -1318.7686  0.8165 
   00600    0.4925   -1326.7425  0.8227 
   00601    0.5250   -1320.7908  0.8254 
   00602    0.4950   -1323.9392  0.8266 
   00603    0.4875   -1298.4328  0.8132 
   00604    0.5100   -1311.2488  0.8204 
   00605    0.5050   -1289.9665  0.8264 
   00606    0.5000   -1273.9030  0.8175 
   00607    0.4900   -1267.9221  0.8198 
   00608    0.5350   -1283.9553  0.8215 
   00609    0.5125   -1317.7324  0.8380 
   00610    0.4750   -1339.7022  0.8348 
   00611    0.5200   -1347.2176  0.8401 
   00612    0.4700   -1337.4263  0.8316 
   00613    0.5125   -1322.5701  0.8269 
   00614    0.4975   -1314.1789  0.8160 
   00615    0.5375   -1334.4925  0.8169 
   00616    0.5025   -1299.0171  0.8060 
   00617    0.5650   -1292.6509  0.7826 
   00618    0.4900   -1295.0189  0.7891 
   00619    0.5250   -1292.9893  0.8019 
   00620    0.4925   -1294.8800  0.8047 
   00621    0.5300   -1279.2591  0.8016 
   00622    0.5175   -1287.5366  0.8030 
   00623    0.4825   -1296.3184  0.8018 
   00624    0.4600   -1308.4886  0.8105 
   00625    0.4925   -1309.1210  0.8036 
   00626    0.4950   -1303.9148  0.8140 
   00627    0.5050   -1298.1386  0.8094 
   00628    0.5350   -1306.1394  0.8073 
   00629    0.4950   -1306.9413  0.8095 
   00630    0.4950   -1302.9349  0.8143 
   00631    0.4875   -1293.9545  0.8145 
   00632    0.5475   -1296.3109  0.8125 
   00633    0.5050   -1300.7024  0.8079 
   00634    0.4900   -1296.4266  0.7997 
   00635    0.5300   -1305.2795  0.8127 
   00636    0.4725   -1296.3197  0.8061 
   00637    0.5350   -1316.6356  0.8135 
   00638    0.5000   -1321.7851  0.8079 
   00639    0.4850   -1347.3490  0.8192 
   00640    0.4750   -1331.3296  0.8166 
   00641    0.4775   -1335.4132  0.8325 
   00642    0.5250   -1319.7631  0.8340 
   00643    0.4775   -1325.4269  0.8391 
   00644    0.5025   -1323.2357  0.8390 
   00645    0.5000   -1316.0167  0.8312 
   00646    0.4825   -1330.5997  0.8383 
   00647    0.5225   -1325.3138  0.8358 
   00648    0.5100   -1312.6332  0.8299 
   00649    0.5050   -1308.2268  0.8236 
   00650    0.4700   -1309.6060  0.8145 
   00651    0.5025   -1324.4401  0.8270 
   00652    0.5125   -1302.3929  0.8229 
   00653    0.5325   -1282.5112  0.8147 
   00654    0.5050   -1292.0058  0.8271 
   00655    0.5400   -1283.4179  0.8297 
   00656    0.4700   -1306.6554  0.8384 
   00657    0.5000   -1306.8504  0.8436 
   00658    0.4975   -1315.8412  0.8430 
   00659    0.4825   -1324.9212  0.8397 
   00660    0.5100   -1303.9661  0.8368 
   00661    0.4825   -1324.6137  0.8422 
   00662    0.5300   -1324.9379  0.8514 
   00663    0.4900   -1287.1207  0.8326 
   00664    0.5125   -1258.2817  0.8096 
   00665    0.5625   -1263.1463  0.8007 
   00666    0.5375   -1276.1932  0.8061 
   00667    0.5925   -1291.2371  0.8132 
   00668    0.5875   -1278.3085  0.8080 
   00669    0.4975   -1247.1775  0.7878 
   00670    0.5500   -1254.7335  0.7773 
   00671    0.5250   -1233.0030  0.7713 
   00672    0.5225   -1223.8283  0.7708 
   00673    0.5225   -1259.4235  0.7761 
   00674    0.5425   -1276.0158  0.7909 
   00675    0.5400   -1269.6182  0.7970 
   00676    0.5500   -1266.8065  0.7963 
   00677    0.5300   -1273.1246  0.7880 
   00678    0.5300   -1290.5392  0.8082 
   00679    0.5775   -1309.4801  0.8133 
   00680    0.4825   -1301.5527  0.8120 
   00681    0.4675   -1291.3504  0.8007 
   00682    0.5175   -1287.5265  0.8068 
   00683    0.5575   -1284.1338  0.8016 
   00684    0.5100   -1304.2210  0.7956 
   00685    0.5375   -1319.0506  0.7892 
   00686    0.4900   -1290.3545  0.7801 
   00687    0.5125   -1284.1371  0.7772 
   00688    0.5125   -1282.7291  0.7768 
   00689    0.5300   -1276.5467  0.7969 
   00690    0.5650   -1254.8304  0.7620 
   00691    0.5425   -1246.1403  0.7640 
   00692    0.5675   -1278.7820  0.7730 
   00693    0.5350   -1284.5990  0.7765 
   00694    0.5400   -1314.7793  0.7851 
   00695    0.4950   -1313.5624  0.7898 
   00696    0.5100   -1300.6409  0.7724 
   00697    0.5250   -1279.8648  0.7703 
   00698    0.4850   -1272.8689  0.7668 
   00699    0.5400   -1271.1570  0.7578 
   00700    0.4800   -1256.4306  0.7540 
   00701    0.5300   -1247.4841  0.7534 
   00702    0.4925   -1253.6842  0.7450 
   00703    0.5050   -1241.3816  0.7534 
   00704    0.4800   -1263.1163  0.7589 
   00705    0.5150   -1265.7810  0.7484 
   00706    0.5125   -1266.9421  0.7571 
   00707    0.5150   -1254.1572  0.7635 
   00708    0.5025   -1252.9922  0.7646 
   00709    0.5250   -1242.6095  0.7607 
   00710    0.5200   -1233.7334  0.7569 
   00711    0.5375   -1251.8576  0.7646 
   00712    0.5725   -1283.7663  0.7706 
   00713    0.5325   -1269.8075  0.7717 
   00714    0.5175   -1271.2545  0.7752 
   00715    0.4775   -1293.2897  0.8004 
   00716    0.5275   -1289.0608  0.7987 
   00717    0.5150   -1281.0169  0.8002 
   00718    0.5100   -1287.7476  0.7863 
   00719    0.5125   -1269.8477  0.7816 
   00720    0.5250   -1260.8787  0.7880 
   00721    0.4850   -1257.8435  0.7816 
   00722    0.5225   -1289.2142  0.7918 
   00723    0.5025   -1288.4158  0.7846 
   00724    0.5125   -1281.8145  0.7837 
   00725    0.5475   -1246.3145  0.7648 
   00726    0.4975   -1217.0179  0.7441 
   00727    0.5225   -1225.6101  0.7474 
   00728    0.5100   -1254.5388  0.7522 
   00729    0.4975   -1242.9829  0.7468 
   00730    0.5250   -1243.6877  0.7635 
   00731    0.5325   -1249.7280  0.7678 
   00732    0.5125   -1233.6817  0.7577 
   00733    0.5325   -1225.3460  0.7544 
   00734    0.5625   -1243.2398  0.7652 
   00735    0.5375   -1240.5605  0.7590 
   00736    0.5450   -1245.9710  0.7497 
   00737    0.5425   -1244.1190  0.7615 
   00738    0.5175   -1250.4932  0.7640 
   00739    0.5950   -1226.3179  0.7408 
   00740    0.5225   -1235.8129  0.7550 
   00741    0.5250   -1218.0959  0.7490 
   00742    0.4975   -1227.7677  0.7409 
   00743    0.5775   -1218.0150  0.7397 
   00744    0.5275   -1239.4742  0.7492 
   00745    0.4600   -1231.2823  0.7468 
   00746    0.5225   -1254.5352  0.7539 
   00747    0.5075   -1244.6830  0.7525 
   00748    0.5475   -1243.4946  0.7467 
   00749    0.5200   -1229.9062  0.7519 
   00750    0.5175   -1237.6660  0.7486 
   00751    0.5200   -1214.5958  0.7417 
   00752    0.5275   -1220.3825  0.7384 
   00753    0.5450   -1244.3268  0.7463 
   00754    0.4750   -1234.3681  0.7444 
   00755    0.4925   -1233.3372  0.7437 
   00756    0.4950   -1260.9636  0.7516 
   00757    0.5325   -1274.8178  0.7585 
   00758    0.5300   -1259.4017  0.7589 
   00759    0.5300   -1256.7518  0.7409 
   00760    0.5500   -1239.3361  0.7339 
   00761    0.5275   -1238.4339  0.7234 
   00762    0.5125   -1246.9518  0.7303 
   00763    0.5400   -1259.5106  0.7317 
   00764    0.5450   -1233.0213  0.7154 
   00765    0.5500   -1221.9294  0.7144 
   00766    0.5275   -1217.0593  0.7125 
   00767    0.5300   -1263.4280  0.7338 
   00768    0.5150   -1260.3811  0.7253 
   00769    0.5125   -1271.0079  0.7408 
   00770    0.4650   -1288.1138  0.7650 
   00771    0.5150   -1289.7353  0.7698 
   00772    0.5000   -1285.4295  0.7660 
   00773    0.4800   -1260.0293  0.7579 
   00774    0.5025   -1268.8041  0.7597 
   00775    0.5175   -1259.0989  0.7640 
   00776    0.5100   -1240.7246  0.7485 
   00777    0.4975   -1248.6142  0.7600 
   00778    0.5375   -1238.2546  0.7658 
   00779    0.5650   -1239.4556  0.7641 
   00780    0.4875   -1265.2687  0.7695 
   00781    0.4500   -1272.0506  0.7849 
   00782    0.4775   -1254.4023  0.7840 
   00783    0.4875   -1256.0597  0.7924 
   00784    0.5500   -1301.9324  0.8149 
   00785    0.5075   -1307.7371  0.8344 
   00786    0.5275   -1310.9126  0.8515 
   00787    0.4975   -1291.2633  0.8442 
   00788    0.5050   -1282.6223  0.8367 
   00789    0.5175   -1289.2994  0.8277 
   00790    0.5175   -1290.9998  0.8354 
   00791    0.4975   -1307.0778  0.8392 
   00792    0.5200   -1326.6072  0.8517 
   00793    0.4925   -1317.1048  0.8454 
   00794    0.4825   -1313.7932  0.8345 
   00795    0.5225   -1287.8260  0.8269 
   00796    0.5225   -1284.8188  0.8302 
   00797    0.4900   -1300.7866  0.8304 
   00798    0.5625   -1312.6284  0.8394 
   00799    0.5300   -1332.4346  0.8442 
   00800    0.4225   -1330.3127  0.8363 
   00801    0.5625   -1298.8824  0.8208 
   00802    0.4950   -1300.5407  0.8170 
   00803    0.5175   -1312.7784  0.8198 
   00804    0.4700   -1302.9269  0.8154 
   00805    0.4950   -1303.3522  0.8101 
   00806    0.5050   -1308.3374  0.8221 
   00807    0.4825   -1311.9613  0.8260 
   00808    0.5125   -1334.9015  0.8366 
   00809    0.4800   -1340.5012  0.8372 
   00810    0.5100   -1326.8681  0.8342 
   00811    0.5675   -1317.7069  0.8278 
   00812    0.5000   -1300.3538  0.8237 
   00813    0.4750   -1298.5441  0.8277 
   00814    0.5325   -1316.7677  0.8357 
   00815    0.5225   -1308.8386  0.8416 
   00816    0.4775   -1295.1228  0.8356 
   00817    0.5250   -1266.5612  0.8133 
   00818    0.4975   -1277.7170  0.8221 
   00819    0.5850   -1312.1324  0.8366 
   00820    0.5400   -1290.6812  0.8332 
   00821    0.5525   -1259.8863  0.8253 
   00822    0.5175   -1277.0211  0.8127 
   00823    0.5100   -1274.6209  0.8178 
   00824    0.5450   -1303.5806  0.8318 
   00825    0.5200   -1302.3277  0.8329 
   00826    0.5200   -1305.5399  0.8291 
   00827    0.5600   -1285.7295  0.8238 
   00828    0.5275   -1278.7848  0.8224 
   00829    0.5425   -1285.7980  0.8239 
   00830    0.4950   -1280.9601  0.8237 
   00831    0.5150   -1289.5737  0.8367 
   00832    0.4975   -1300.9536  0.8367 
   00833    0.5325   -1305.4037  0.8386 
   00834    0.4475   -1289.3153  0.8366 
   00835    0.4975   -1288.4721  0.8295 
   00836    0.4850   -1282.9205  0.8298 
   00837    0.5100   -1286.6052  0.8319 
   00838    0.5025   -1294.4125  0.8292 
   00839    0.5300   -1295.6484  0.8312 
   00840    0.5250   -1299.4575  0.8150 
   00841    0.5150   -1300.7982  0.8208 
   00842    0.4925   -1288.1327  0.8134 
   00843    0.5375   -1292.9659  0.8206 
   00844    0.5300   -1297.2377  0.8299 
   00845    0.5425   -1288.3991  0.8235 
   00846    0.4975   -1294.5112  0.8231 
   00847    0.5225   -1294.2048  0.8281 
   00848    0.5275   -1311.5808  0.8390 
   00849    0.4750   -1301.4407  0.8313 
   00850    0.5450   -1316.8683  0.8391 
   00851    0.5100   -1320.0357  0.8425 
   00852    0.5175   -1332.2533  0.8453 
   00853    0.5175   -1316.8720  0.8456 
   00854    0.4775   -1297.5800  0.8451 
   00855    0.4875   -1294.1620  0.8353 
   00856    0.4900   -1294.4470  0.8532 
   00857    0.5000   -1320.0947  0.8544 
   00858    0.5425   -1323.4994  0.8508 
   00859    0.5250   -1307.3560  0.8437 
   00860    0.5200   -1306.0040  0.8474 
   00861    0.5050   -1270.2468  0.8327 
   00862    0.5200   -1270.5067  0.8381 
   00863    0.5075   -1262.4948  0.8338 
   00864    0.5650   -1260.5577  0.8222 
   00865    0.5425   -1261.6072  0.8166 
   00866    0.5275   -1245.8754  0.8047 
   00867    0.5150   -1248.8607  0.8070 
   00868    0.5000   -1284.4352  0.8086 
   00869    0.5075   -1251.5951  0.7877 
   00870    0.5475   -1264.7100  0.7976 
   00871    0.5200   -1263.2281  0.7895 
   00872    0.5050   -1282.3655  0.7966 
   00873    0.5450   -1280.1374  0.7862 
   00874    0.5600   -1239.2287  0.7584 
   00875    0.5575   -1243.0769  0.7556 
   00876    0.5100   -1240.2709  0.7435 
   00877    0.5300   -1260.5765  0.7569 
   00878    0.5325   -1285.7821  0.7543 
   00879    0.5175   -1278.6630  0.7470 
   00880    0.5450   -1263.6670  0.7367 
   00881    0.5125   -1272.0198  0.7385 
   00882    0.4750   -1259.2584  0.7388 
   00883    0.5225   -1254.0323  0.7288 
   00884    0.4975   -1264.6977  0.7366 
   00885    0.5125   -1266.9360  0.7410 
   00886    0.5400   -1285.4460  0.7590 
   00887    0.5525   -1276.4247  0.7662 
   00888    0.5075   -1280.9571  0.7665 
   00889    0.4900   -1273.9620  0.7719 
   00890    0.5050   -1287.1019  0.7826 
   00891    0.5000   -1271.6047  0.7907 
   00892    0.5675   -1249.6551  0.7822 
   00893    0.5275   -1251.8682  0.7907 
   00894    0.5125   -1261.3799  0.7852 
   00895    0.5050   -1282.0663  0.8012 
   00896    0.5050   -1277.6546  0.8038 
   00897    0.5375   -1280.3848  0.7975 
   00898    0.4975   -1276.3723  0.8025 
   00899    0.5050   -1267.9227  0.7936 
   00900    0.5225   -1269.3854  0.7931 
   00901    0.5250   -1281.5882  0.7959 
   00902    0.5325   -1267.3154  0.7967 
   00903    0.4750   -1292.1546  0.8064 
   00904    0.5250   -1269.7947  0.7952 
   00905    0.5150   -1278.2748  0.8015 
   00906    0.5075   -1267.4787  0.7936 
   00907    0.5225   -1279.2997  0.7927 
   00908    0.5725   -1281.5280  0.8085 
   00909    0.5325   -1263.7554  0.8041 
   00910    0.5500   -1288.0785  0.8214 
   00911    0.5300   -1303.8395  0.8301 
   00912    0.5225   -1296.6387  0.8259 
   00913    0.5150   -1285.9491  0.8140 
   00914    0.5325   -1289.6175  0.8155 
   00915    0.5575   -1331.8888  0.8267 
   00916    0.5375   -1318.0572  0.8102 
   00917    0.5400   -1320.8616  0.8119 
   00918    0.5175   -1307.7057  0.8127 
   00919    0.5225   -1289.6462  0.8067 
   00920    0.5525   -1285.6032  0.8124 
   00921    0.4750   -1288.1469  0.8225 
   00922    0.4875   -1306.3548  0.8188 
   00923    0.5125   -1306.4649  0.8199 
   00924    0.4900   -1324.2250  0.8188 
   00925    0.4925   -1324.2324  0.8151 
   00926    0.5225   -1315.6038  0.8039 
   00927    0.5425   -1305.6231  0.7959 
   00928    0.5250   -1298.2799  0.7970 
   00929    0.4975   -1294.2048  0.7963 
   00930    0.4650   -1297.9597  0.7963 
   00931    0.5125   -1290.0233  0.7987 
   00932    0.5350   -1273.0815  0.7885 
   00933    0.5225   -1277.5936  0.7748 
   00934    0.5075   -1300.3205  0.7896 
   00935    0.5375   -1286.3413  0.7747 
   00936    0.5475   -1283.8072  0.7817 
   00937    0.5100   -1292.4254  0.7876 
   00938    0.5050   -1275.2420  0.8010 
   00939    0.4925   -1296.8226  0.8004 
   00940    0.5500   -1298.5042  0.8005 
   00941    0.5500   -1280.2141  0.7933 
   00942    0.5275   -1295.5601  0.7953 
   00943    0.5325   -1255.2171  0.7866 
   00944    0.4575   -1245.7401  0.7895 
   00945    0.5675   -1273.9208  0.8002 
   00946    0.5025   -1267.4997  0.7902 
   00947    0.4775   -1260.3494  0.8001 
   00948    0.5150   -1265.8445  0.7943 
   00949    0.5150   -1269.9800  0.7949 
   00950    0.5175   -1285.7046  0.8113 
   00951    0.5050   -1267.1407  0.8056 
   00952    0.5000   -1274.0903  0.7899 
   00953    0.5325   -1282.0332  0.7858 
   00954    0.4725   -1287.9744  0.7943 
   00955    0.4900   -1289.3048  0.7955 
   00956    0.5300   -1277.5582  0.7992 
   00957    0.5075   -1277.1834  0.8043 
   00958    0.5125   -1272.4584  0.7989 
   00959    0.5175   -1294.0241  0.8088 
   00960    0.5175   -1303.9044  0.8032 
   00961    0.4975   -1321.5439  0.8215 
   00962    0.4800   -1308.4981  0.8164 
   00963    0.5225   -1299.6071  0.8125 
   00964    0.4975   -1296.2807  0.8083 
   00965    0.4650   -1301.4943  0.8143 
   00966    0.5175   -1289.2568  0.8095 
   00967    0.5675   -1295.7664  0.7964 
   00968    0.4550   -1281.7289  0.7960 
   00969    0.5350   -1271.9844  0.7949 
   00970    0.5975   -1284.3075  0.8019 
   00971    0.5300   -1262.6240  0.7894 
   00972    0.4725   -1292.8144  0.8050 
   00973    0.5200   -1298.0898  0.8078 
   00974    0.5550   -1307.6247  0.8268 
   00975    0.5450   -1282.0299  0.8180 
   00976    0.5275   -1281.9376  0.8094 
   00977    0.5275   -1295.4255  0.8099 
   00978    0.5025   -1295.1323  0.8264 
   00979    0.5350   -1289.3930  0.8323 
   00980    0.5075   -1279.2709  0.8204 
   00981    0.5575   -1274.8114  0.8180 
   00982    0.5125   -1259.9557  0.8016 
   00983    0.5200   -1251.0205  0.8055 
   00984    0.5550   -1289.9873  0.8078 
   00985    0.4975   -1300.8013  0.8149 
   00986    0.4975   -1295.6770  0.8191 
   00987    0.5075   -1295.3321  0.8102 
   00988    0.4900   -1320.0748  0.8295 
   00989    0.5150   -1302.3460  0.8169 
   00990    0.4550   -1307.3745  0.8214 
   00991    0.5000   -1315.8600  0.8341 
   00992    0.5050   -1308.2703  0.8287 
   00993    0.5275   -1288.6016  0.8314 
   00994    0.5200   -1295.6680  0.8249 
   00995    0.4500   -1291.6422  0.8244 
   00996    0.5175   -1292.1406  0.8311 
   00997    0.5150   -1285.0794  0.8313 
   00998    0.5075   -1318.2369  0.8312 
   00999    0.5225   -1279.0026  0.8072 
   01000    0.5550   -1309.3573  0.7998 
