#=====================================================
# File created:        Mon-03-Nov-2025-at-09-12-19PM
# Size of lattice:     20x20
# Number of MC steps:  1000
# Reduced temperature: 0.650
# Run time (s):        2.579831
#=====================================================
# MC step:  Ratio:     Energy:   Order:
#=====================================================
   00000    0.5000    -391.6698  0.2674 
   00001    0.3450    -653.2813  0.3117 
   00002    0.3050    -784.8028  0.3273 
   00003    0.2650    -876.8848  0.3591 
   00004    0.2638    -933.4933  0.3500 
   00005    0.2575    -961.2894  0.3725 
   00006    0.2338   -1034.1067  0.4051 
   00007    0.2400   -1067.4247  0.4149 
   00008    0.2388   -1122.5589  0.4494 
   00009    0.2487   -1127.8151  0.4361 
   00010    0.2288   -1150.0690  0.4394 
   00011    0.2112   -1129.7658  0.4281 
   00012    0.2062   -1157.1408  0.4309 
   00013    0.2150   -1186.8899  0.4514 
   00014    0.2275   -1216.4908  0.4693 
   00015    0.2050   -1190.6600  0.4814 
   00016    0.2275   -1184.6646  0.4879 
   00017    0.2162   -1169.5041  0.4996 
   00018    0.2400   -1179.4369  0.5100 
   00019    0.2137   -1202.5154  0.5362 
   00020    0.2150   -1193.7139  0.5526 
   00021    0.2012   -1224.5797  0.5707 
   00022    0.2025   -1234.4477  0.5717 
   00023    0.2062   -1236.9232  0.5742 
   00024    0.1925   -1223.8861  0.5589 
   00025    0.2012   -1219.4557  0.5695 
   00026    0.1937   -1222.7770  0.5565 
   00027    0.2025   -1220.5545  0.5647 
   00028    0.2225   -1235.8186  0.5579 
   00029    0.2225   -1249.1553  0.5496 
   00030    0.2137   -1253.1301  0.5384 
   00031    0.2087   -1259.7383  0.5452 
   00032    0.1900   -1237.6694  0.5360 
   00033    0.1875   -1225.8814  0.5122 
   00034    0.1975   -1244.5566  0.5403 
   00035    0.1900   -1242.3123  0.5609 
   00036    0.1888   -1243.3402  0.5625 
   00037    0.2200   -1234.3750  0.5608 
   00038    0.1975   -1227.6356  0.5525 
   00039    0.2200   -1260.1375  0.5826 
   00040    0.2125   -1249.1794  0.5697 
   00041    0.1825   -1271.5833  0.5836 
   00042    0.1762   -1243.0276  0.5742 
   00043    0.2112   -1233.0881  0.5654 
   00044    0.2162   -1230.1055  0.5733 
   00045    0.1938   -1250.9704  0.5836 
   00046    0.2062   -1236.9996  0.5948 
   00047    0.2012   -1252.6924  0.6201 
   00048    0.2025   -1241.7089  0.6009 
   00049    0.2125   -1255.7947  0.5969 
   00050    0.1875   -1255.7389  0.5919 
   00051    0.2000   -1251.5343  0.5983 
   00052    0.2087   -1221.9140  0.5842 
   00053    0.2012   -1228.6632  0.5965 
   00054    0.2000   -1246.7803  0.5961 
   00055    0.1875   -1275.6230  0.6100 
   00056    0.1938   -1236.8670  0.6106 
   00057    0.2137   -1252.9150  0.6034 
   00058    0.1850   -1236.9475  0.6258 
   00059    0.2037   -1246.8805  0.6169 
   00060    0.2100   -1273.5993  0.6291 
   00061    0.2012   -1265.2382  0.6452 
   00062    0.1950   -1270.4122  0.6262 
   00063    0.2175   -1256.9142  0.6291 
   00064    0.1875   -1234.6728  0.6416 
   00065    0.1912   -1235.6800  0.6412 
   00066    0.2087   -1232.3656  0.6524 
   00067    0.1987   -1229.3792  0.6400 
   00068    0.2275   -1245.2195  0.6546 
   00069    0.2112   -1255.1223  0.6639 
   00070    0.2012   -1248.1709  0.6679 
   00071    0.2175   -1251.6760  0.6600 
   00072    0.2075   -1240.2804  0.6857 
   00073    0.1850   -1262.4259  0.6888 
   00074    0.1838   -1244.5184  0.6742 
   00075    0.2162   -1236.5458  0.6745 
   00076    0.2125   -1263.9370  0.6823 
   00077    0.1913   -1258.4985  0.6801 
   00078    0.2125   -1276.0016  0.7072 
   00079    0.1950   -1279.5598  0.7044 
   00080    0.2075   -1277.8879  0.7126 
   00081    0.2000   -1271.5394  0.7068 
   00082    0.2012   -1268.9800  0.6959 
   00083    0.2263   -1295.1990  0.7063 
   00084    0.2025   -1270.6957  0.7183 
   00085    0.2188   -1296.1078  0.7183 
   00086    0.1900   -1290.7589  0.7040 
   00087    0.1975   -1264.2739  0.6891 
   00088    0.1988   -1258.7338  0.6771 
   00089    0.1875   -1259.7892  0.6685 
   00090    0.1900   -1281.0460  0.6701 
   00091    0.2100   -1262.9594  0.6739 
   00092    0.2100   -1260.9024  0.6576 
   00093    0.1875   -1275.8716  0.6614 
   00094    0.2025   -1268.9434  0.6587 
   00095    0.2012   -1251.6695  0.6376 
   00096    0.2162   -1242.0401  0.6558 
   00097    0.2075   -1270.9594  0.6771 
   00098    0.1888   -1270.2221  0.6807 
   00099    0.2000   -1262.2293  0.6944 
   00100    0.1950   -1287.3011  0.7071 
   00101    0.2075   -1269.3644  0.6948 
   00102    0.1975   -1248.0253  0.6888 
   00103    0.2000   -1267.9970  0.6884 
   00104    0.1963   -1257.3530  0.6825 
   00105    0.2112   -1252.1299  0.6948 
   00106    0.2025   -1265.6344  0.6949 
   00107    0.1950   -1264.1536  0.7230 
   00108    0.2025   -1254.3083  0.7251 
   00109    0.1900   -1274.0816  0.7295 
   00110    0.1975   -1271.5697  0.7335 
   00111    0.2175   -1295.1331  0.7554 
   00112    0.1800   -1285.7478  0.7393 
   00113    0.1900   -1283.8822  0.7358 
   00114    0.2075   -1293.3982  0.7411 
   00115    0.1850   -1305.6828  0.7494 
   00116    0.1862   -1311.8175  0.7465 
   00117    0.2050   -1304.1735  0.7385 
   00118    0.2037   -1323.7537  0.7608 
   00119    0.1862   -1322.0711  0.7461 
   00120    0.2150   -1301.5616  0.7424 
   00121    0.1787   -1303.1729  0.7383 
   00122    0.2050   -1267.1113  0.7221 
   00123    0.2112   -1299.2033  0.7373 
   00124    0.1750   -1273.2329  0.7290 
   00125    0.2125   -1254.7582  0.7292 
   00126    0.1925   -1277.8984  0.7290 
   00127    0.2000   -1276.2341  0.7550 
   00128    0.1837   -1288.5032  0.7674 
   00129    0.1812   -1284.8090  0.7725 
   00130    0.1950   -1246.3104  0.7531 
   00131    0.1913   -1242.1990  0.7727 
   00132    0.1987   -1286.9571  0.7805 
   00133    0.2162   -1289.3455  0.7847 
   00134    0.1813   -1276.6417  0.7711 
   00135    0.2000   -1277.3362  0.7627 
   00136    0.1975   -1277.1884  0.7572 
   00137    0.2150   -1312.2881  0.7655 
   00138    0.1875   -1295.7895  0.7548 
   00139    0.1938   -1298.8535  0.7463 
   00140    0.2137   -1288.5356  0.7611 
   00141    0.2062   -1271.4054  0.7543 
   00142    0.1812   -1293.9573  0.7687 
   00143    0.2263   -1295.8998  0.7679 
   00144    0.2112   -1304.5567  0.7675 
   00145    0.2013   -1313.5138  0.7743 
   00146    0.1875   -1277.1896  0.7654 
   00147    0.1987   -1243.4911  0.7622 
   00148    0.1837   -1263.4345  0.7620 
   00149    0.2012   -1283.4330  0.7534 
   00150    0.1888   -1287.7047  0.7537 
   00151    0.2037   -1289.4670  0.7483 
   00152    0.2025   -1318.6491  0.7656 
   00153    0.1788   -1297.5988  0.7556 
   00154    0.2213   -1295.2491  0.7629 
   00155    0.1988   -1301.9635  0.7699 
   00156    0.1987   -1271.5147  0.7660 
   00157    0.1912   -1274.7743  0.7683 
   00158    0.2100   -1293.7000  0.7833 
   00159    0.1813   -1289.5774  0.7894 
   00160    0.1862   -1285.4219  0.7981 
   00161    0.1862   -1293.3727  0.7910 
   00162    0.2050   -1270.8577  0.7822 
   00163    0.1763   -1252.9395  0.7692 
   00164    0.1913   -1261.0057  0.7605 
   00165    0.2100   -1265.5231  0.7731 
   00166    0.1837   -1281.1951  0.7642 
   00167    0.1950   -1279.4601  0.7796 
   00168    0.1900   -1272.9097  0.7731 
   00169    0.1962   -1270.5418  0.7654 
   00170    0.2188   -1275.7968  0.7702 
   00171    0.2000   -1292.4725  0.7798 
   00172    0.1938   -1278.1896  0.7806 
   00173    0.1925   -1239.6418  0.7491 
   00174    0.2200   -1259.5987  0.7661 
   00175    0.1850   -1266.4372  0.7790 
   00176    0.2012   -1299.8597  0.7919 
   00177    0.1912   -1310.9020  0.7970 
   00178    0.1987   -1312.6511  0.7919 
   00179    0.2000   -1317.3765  0.7821 
   00180    0.1850   -1299.0239  0.7899 
   00181    0.1937   -1278.7029  0.7844 
   00182    0.2112   -1293.9393  0.7760 
   00183    0.2037   -1281.1421  0.7470 
   00184    0.2037   -1277.6020  0.7412 
   00185    0.1963   -1270.1940  0.7439 
   00186    0.2125   -1257.5431  0.7436 
   00187    0.2062   -1303.3629  0.7514 
   00188    0.1975   -1267.0420  0.7341 
   00189    0.1862   -1239.7026  0.7296 
   00190    0.2162   -1236.9027  0.7277 
   00191    0.2125   -1222.6533  0.7037 
   00192    0.2175   -1242.9770  0.7129 
   00193    0.1950   -1253.6017  0.7093 
   00194    0.1950   -1245.2147  0.7091 
   00195    0.1900   -1263.7344  0.7383 
   00196    0.2087   -1243.6838  0.7455 
   00197    0.2000   -1248.3996  0.7428 
   00198    0.2062   -1244.8696  0.7573 
   00199    0.2162   -1268.4178  0.7629 
   00200    0.1888   -1277.0900  0.7537 
   00201    0.1850   -1277.1662  0.7685 
   00202    0.2238   -1230.6810  0.7639 
   00203    0.1988   -1241.6922  0.7684 
   00204    0.2162   -1253.2260  0.7882 
   00205    0.2037   -1283.4415  0.7935 
   00206    0.2125   -1277.4948  0.7849 
   00207    0.2162   -1263.5327  0.7811 
   00208    0.1962   -1280.6169  0.7971 
   00209    0.1975   -1270.4084  0.8026 
   00210    0.1788   -1274.4717  0.8072 
   00211    0.2025   -1279.1907  0.8143 
   00212    0.2150   -1279.5045  0.8138 
   00213    0.2137   -1277.3604  0.8132 
   00214    0.1925   -1296.6252  0.8262 
   00215    0.1950   -1272.5136  0.8216 
   00216    0.2225   -1285.3542  0.8237 
   00217    0.2162   -1262.5645  0.8056 
   00218    0.2062   -1267.0526  0.7846 
   00219    0.1925   -1265.8742  0.7964 
   00220    0.2087   -1244.4354  0.7922 
   00221    0.2012   -1273.1141  0.7966 
   00222    0.1900   -1274.8537  0.8065 
   00223    0.1838   -1286.3970  0.8137 
   00224    0.2013   -1258.1091  0.8075 
   00225    0.1913   -1267.3662  0.8136 
   00226    0.2112   -1290.3084  0.8170 
   00227    0.1962   -1275.8083  0.8093 
   00228    0.2112   -1266.7761  0.8058 
   00229    0.2000   -1257.3511  0.8047 
   00230    0.1987   -1256.6005  0.7987 
   00231    0.1900   -1277.0930  0.8049 
   00232    0.2025   -1282.7464  0.8036 
   00233    0.1900   -1266.6748  0.7984 
   00234    0.1900   -1283.8977  0.7962 
   00235    0.2087   -1298.1622  0.8041 
   00236    0.1900   -1310.7422  0.8083 
   00237    0.1913   -1315.8775  0.7989 
   00238    0.1987   -1302.1472  0.7964 
   00239    0.1975   -1293.1991  0.7932 
   00240    0.1988   -1287.0600  0.7893 
   00241    0.2225   -1263.0101  0.7944 
   00242    0.1950   -1284.9059  0.7971 
   00243    0.2012   -1284.8469  0.8052 
   00244    0.1963   -1297.3222  0.8056 
   00245    0.1925   -1283.9938  0.7957 
   00246    0.1925   -1282.6986  0.7851 
   00247    0.1788   -1292.0443  0.7796 
   00248    0.2025   -1300.9398  0.7856 
   00249    0.2112   -1297.4994  0.7860 
   00250    0.1938   -1287.3009  0.7709 
   00251    0.2000   -1291.5707  0.7802 
   00252    0.2025   -1284.6809  0.8047 
   00253    0.2087   -1281.4522  0.7985 
   00254    0.1988   -1284.0476  0.8034 
   00255    0.2162   -1291.6453  0.7896 
   00256    0.2087   -1277.4959  0.7941 
   00257    0.1837   -1277.4399  0.7880 
   00258    0.2100   -1281.1395  0.7946 
   00259    0.2100   -1285.2478  0.7990 
   00260    0.1913   -1293.1940  0.8041 
   00261    0.1975   -1312.2309  0.8049 
   00262    0.1875   -1304.2648  0.8086 
   00263    0.1975   -1288.9669  0.7918 
   00264    0.2087   -1307.9122  0.7893 
   00265    0.2000   -1322.3429  0.7954 
   00266    0.1975   -1302.8696  0.7673 
   00267    0.2050   -1297.7345  0.7713 
   00268    0.1888   -1294.8420  0.7745 
   00269    0.1913   -1279.2342  0.7776 
   00270    0.2150   -1288.1018  0.7791 
   00271    0.1950   -1248.3224  0.7671 
   00272    0.2100   -1269.8227  0.7743 
   00273    0.1988   -1294.2220  0.7841 
   00274    0.1813   -1301.0295  0.7886 
   00275    0.2050   -1267.2497  0.7826 
   00276    0.1988   -1271.4937  0.7819 
   00277    0.2050   -1273.3387  0.7829 
   00278    0.1862   -1253.9945  0.7706 
   00279    0.2062   -1249.2902  0.7692 
   00280    0.1938   -1243.8460  0.7702 
   00281    0.1938   -1274.8431  0.7843 
   00282    0.2037   -1284.1353  0.7779 
   00283    0.1938   -1272.9493  0.7827 
   00284    0.1963   -1306.3002  0.8018 
   00285    0.1837   -1329.1568  0.8126 
   00286    0.1900   -1316.4658  0.8110 
   00287    0.1975   -1296.7057  0.7964 
   00288    0.2075   -1289.2388  0.7919 
   00289    0.1862   -1290.2608  0.7870 
   00290    0.2087   -1280.2059  0.7860 
   00291    0.2075   -1291.4376  0.7947 
   00292    0.1900   -1300.4803  0.7927 
   00293    0.2263   -1293.9261  0.8037 
   00294    0.2037   -1280.3987  0.8002 
   00295    0.2075   -1298.0550  0.8029 
   00296    0.2012   -1307.0733  0.8107 
   00297    0.1812   -1317.0993  0.8140 
   00298    0.1625   -1281.9423  0.8090 
   00299    0.2062   -1271.2487  0.8043 
   00300    0.2112   -1263.9214  0.7988 
   00301    0.2100   -1263.5128  0.7941 
   00302    0.2037   -1259.4233  0.7932 
   00303    0.1850   -1242.1846  0.7723 
   00304    0.1987   -1226.6708  0.7782 
   00305    0.1962   -1257.3731  0.7793 
   00306    0.2087   -1250.0704  0.7731 
   00307    0.2188   -1246.1688  0.7578 
   00308    0.1888   -1214.8564  0.7437 
   00309    0.1938   -1228.6616  0.7550 
   00310    0.2137   -1220.4437  0.7461 
   00311    0.2012   -1209.6257  0.7651 
   00312    0.2075   -1221.7138  0.7611 
   00313    0.1825   -1222.8108  0.7639 
   00314    0.1938   -1266.2435  0.7767 
   00315    0.2062   -1249.7460  0.7775 
   00316    0.2012   -1258.6691  0.7890 
   00317    0.1975   -1269.9187  0.7933 
   00318    0.1950   -1266.3320  0.8058 
   00319    0.2125   -1267.4339  0.8069 
   00320    0.2162   -1282.6477  0.8116 
   00321    0.2175   -1292.3376  0.8177 
   00322    0.2112   -1277.3894  0.8174 
   00323    0.2162   -1260.7597  0.8206 
   00324    0.2112   -1255.1754  0.8056 
   00325    0.2112   -1251.2116  0.7991 
   00326    0.1975   -1272.1661  0.8129 
   00327    0.1725   -1265.6180  0.8061 
   00328    0.2200   -1263.7996  0.8133 
   00329    0.2125   -1234.9146  0.8056 
   00330    0.1925   -1242.5393  0.8215 
   00331    0.1837   -1287.3719  0.8321 
   00332    0.2025   -1291.5997  0.8314 
   00333    0.1900   -1286.0821  0.8455 
   00334    0.2087   -1281.8057  0.8515 
   00335    0.1938   -1283.7721  0.8435 
   00336    0.2062   -1253.8530  0.8290 
   00337    0.2137   -1273.7583  0.8227 
   00338    0.2012   -1272.4125  0.8182 
   00339    0.1788   -1265.3399  0.8214 
   00340    0.1900   -1274.9888  0.8320 
   00341    0.2037   -1294.6379  0.8328 
   00342    0.2150   -1276.9760  0.8272 
   00343    0.2100   -1261.1660  0.8147 
   00344    0.1825   -1267.1874  0.8241 
   00345    0.2250   -1264.4662  0.8271 
   00346    0.2050   -1262.3083  0.8264 
   00347    0.1987   -1241.1438  0.8200 
   00348    0.2012   -1234.2191  0.8191 
   00349    0.2275   -1275.1018  0.8365 
   00350    0.2025   -1285.8460  0.8446 
   00351    0.2062   -1330.4694  0.8563 
   00352    0.1825   -1320.9739  0.8591 
   00353    0.1988   -1316.4811  0.8585 
   00354    0.1988   -1326.1019  0.8591 
   00355    0.1925   -1310.6323  0.8525 
   00356    0.1963   -1305.2953  0.8498 
   00357    0.1800   -1326.0588  0.8574 
   00358    0.1862   -1296.5950  0.8527 
   00359    0.1812   -1301.5584  0.8566 
   00360    0.1900   -1302.5795  0.8494 
   00361    0.2075   -1292.3180  0.8405 
   00362    0.2213   -1298.4880  0.8335 
   00363    0.1950   -1293.5522  0.8250 
   00364    0.1875   -1284.8382  0.8229 
   00365    0.1813   -1282.7461  0.8239 
   00366    0.2075   -1295.1766  0.8269 
   00367    0.2062   -1283.5510  0.8103 
   00368    0.2288   -1276.5604  0.8078 
   00369    0.2188   -1296.2237  0.8113 
   00370    0.1763   -1303.5208  0.8051 
   00371    0.2112   -1312.9435  0.8017 
   00372    0.2000   -1297.6505  0.7877 
   00373    0.1962   -1302.5925  0.7901 
   00374    0.1925   -1292.3913  0.7808 
   00375    0.1925   -1294.8223  0.7792 
   00376    0.1925   -1301.3997  0.7717 
   00377    0.2112   -1300.2490  0.7886 
   00378    0.1975   -1331.0141  0.8012 
   00379    0.1925   -1320.8594  0.8085 
   00380    0.1938   -1313.9062  0.8097 
   00381    0.1837   -1329.9351  0.8202 
   00382    0.1900   -1309.7982  0.8200 
   00383    0.1713   -1324.1002  0.8271 
   00384    0.1963   -1296.9967  0.7956 
   00385    0.2075   -1301.2698  0.8034 
   00386    0.1713   -1290.4379  0.8002 
   00387    0.2112   -1282.3612  0.8097 
   00388    0.1963   -1307.2547  0.8187 
   00389    0.1850   -1319.4518  0.8142 
   00390    0.1825   -1308.8833  0.8108 
   00391    0.1800   -1316.7091  0.8203 
   00392    0.2137   -1310.5572  0.8205 
   00393    0.2000   -1328.2302  0.8246 
   00394    0.1825   -1334.6864  0.8148 
   00395    0.1850   -1316.4324  0.8116 
   00396    0.2037   -1335.1710  0.8102 
   00397    0.1975   -1346.3011  0.8038 
   00398    0.2013   -1328.2615  0.7973 
   00399    0.2062   -1294.2286  0.7853 
   00400    0.2175   -1296.7477  0.7968 
   00401    0.2025   -1276.9502  0.7820 
   00402    0.1850   -1261.3362  0.7653 
   00403    0.2300   -1290.9992  0.7729 
   00404    0.1850   -1295.8154  0.7670 
   00405    0.2062   -1262.4850  0.7689 
   00406    0.2087   -1284.4281  0.7754 
   00407    0.2275   -1254.4442  0.7647 
   00408    0.2250   -1258.4577  0.7730 
   00409    0.1812   -1273.7661  0.7662 
   00410    0.2087   -1276.2842  0.7687 
   00411    0.1950   -1309.7670  0.7906 
   00412    0.1850   -1307.1368  0.7859 
   00413    0.2200   -1285.8725  0.7919 
   00414    0.1975   -1250.1194  0.7537 
   00415    0.2025   -1267.3109  0.7539 
   00416    0.2075   -1259.0514  0.7464 
   00417    0.1938   -1269.0150  0.7546 
   00418    0.2075   -1242.8951  0.7578 
   00419    0.1987   -1265.7191  0.7649 
   00420    0.1875   -1246.1105  0.7492 
   00421    0.1963   -1266.8004  0.7494 
   00422    0.1738   -1288.0786  0.7538 
   00423    0.2025   -1308.4277  0.7549 
   00424    0.2162   -1287.8144  0.7544 
   00425    0.2025   -1295.6042  0.7601 
   00426    0.1888   -1285.5033  0.7507 
   00427    0.1862   -1285.5887  0.7495 
   00428    0.1887   -1277.3920  0.7512 
   00429    0.1962   -1265.8075  0.7525 
   00430    0.1987   -1283.0087  0.7682 
   00431    0.1850   -1263.1179  0.7766 
   00432    0.1913   -1280.8551  0.7846 
   00433    0.2125   -1285.1248  0.7828 
   00434    0.2025   -1278.4266  0.7722 
   00435    0.1912   -1306.4020  0.7840 
   00436    0.2050   -1305.2905  0.7827 
   00437    0.1825   -1288.1337  0.7746 
   00438    0.2037   -1287.9657  0.7784 
   00439    0.2025   -1256.9896  0.7654 
   00440    0.2075   -1258.7435  0.7658 
   00441    0.1963   -1295.3639  0.7671 
   00442    0.1937   -1303.0616  0.7732 
   00443    0.1938   -1320.6430  0.7963 
   00444    0.2112   -1312.1335  0.7934 
   00445    0.2050   -1300.7436  0.7628 
   00446    0.2012   -1268.3268  0.7482 
   00447    0.1988   -1265.3818  0.7465 
   00448    0.2100   -1264.6970  0.7407 
   00449    0.2375   -1265.1174  0.7254 
   00450    0.2087   -1276.4592  0.7381 
   00451    0.2000   -1253.8900  0.7271 
   00452    0.2100   -1240.2476  0.7167 
   00453    0.2000   -1255.8046  0.7263 
   00454    0.1975   -1266.6131  0.7423 
   00455    0.1987   -1219.4002  0.7381 
   00456    0.2012   -1226.3272  0.7373 
   00457    0.1975   -1251.3383  0.7570 
   00458    0.1812   -1266.3834  0.7751 
   00459    0.2075   -1291.2981  0.7745 
   00460    0.1888   -1306.4206  0.7789 
   00461    0.1862   -1335.4644  0.7984 
   00462    0.1825   -1321.6189  0.7875 
   00463    0.2037   -1323.8716  0.7842 
   00464    0.2112   -1304.3070  0.7648 
   00465    0.1825   -1298.7085  0.7589 
   00466    0.2112   -1301.3803  0.7451 
   00467    0.1988   -1282.7402  0.7448 
   00468    0.1837   -1252.0886  0.7396 
   00469    0.1962   -1263.2326  0.7365 
   00470    0.2137   -1283.7592  0.7507 
   00471    0.2125   -1287.6222  0.7471 
   00472    0.1913   -1252.8267  0.7424 
   00473    0.1975   -1272.6354  0.7365 
   00474    0.2062   -1285.8860  0.7375 
   00475    0.2188   -1299.3612  0.7547 
   00476    0.2012   -1295.9811  0.7649 
   00477    0.1825   -1292.5480  0.7602 
   00478    0.1875   -1285.7325  0.7526 
   00479    0.1862   -1306.4978  0.7654 
   00480    0.2062   -1321.4660  0.7770 
   00481    0.2087   -1323.8961  0.7824 
   00482    0.2037   -1309.0559  0.7800 
   00483    0.1862   -1346.2791  0.8016 
   00484    0.1925   -1328.0212  0.8039 
   00485    0.1787   -1334.2868  0.8132 
   00486    0.1888   -1314.6523  0.8059 
   00487    0.1837   -1301.8171  0.8088 
   00488    0.2162   -1335.8760  0.8172 
   00489    0.1850   -1311.5518  0.8067 
   00490    0.2075   -1311.1612  0.7975 
   00491    0.2025   -1312.9095  0.7969 
   00492    0.1925   -1298.0007  0.8013 
   00493    0.2025   -1295.6010  0.7840 
   00494    0.1925   -1294.4742  0.7772 
   00495    0.1813   -1323.0298  0.7934 
   00496    0.1888   -1320.7894  0.7886 
   00497    0.1788   -1334.1361  0.7962 
   00498    0.1925   -1318.4471  0.7968 
   00499    0.2050   -1324.0512  0.7939 
   00500    0.1713   -1356.6850  0.8006 
   00501    0.1913   -1338.4214  0.7808 
   00502    0.1875   -1326.1187  0.7622 
   00503    0.2025   -1314.8386  0.7597 
   00504    0.1900   -1270.1020  0.7552 
   00505    0.2025   -1302.0432  0.7806 
   00506    0.1900   -1301.0586  0.7538 
   00507    0.1950   -1291.7051  0.7495 
   00508    0.2012   -1298.5236  0.7527 
   00509    0.2050   -1287.0406  0.7353 
   00510    0.1963   -1273.1253  0.7300 
   00511    0.2137   -1264.5024  0.7188 
   00512    0.1862   -1296.6817  0.7378 
   00513    0.1987   -1303.4242  0.7535 
   00514    0.2037   -1296.5361  0.7381 
   00515    0.2175   -1283.1767  0.7331 
   00516    0.2025   -1271.6000  0.7233 
   00517    0.1975   -1269.6323  0.7212 
   00518    0.1913   -1275.7081  0.7111 
   00519    0.1925   -1275.7042  0.7100 
   00520    0.1900   -1265.7848  0.7140 
   00521    0.1888   -1276.1985  0.7133 
   00522    0.2188   -1264.3772  0.6800 
   00523    0.1925   -1249.7988  0.6947 
   00524    0.2012   -1250.5637  0.6896 
   00525    0.1963   -1251.3153  0.7083 
   00526    0.2050   -1241.3588  0.7120 
   00527    0.2000   -1270.7487  0.7288 
   00528    0.2100   -1289.3284  0.7368 
   00529    0.1850   -1289.3528  0.7414 
   00530    0.1912   -1274.5965  0.7429 
   00531    0.2137   -1293.6281  0.7593 
   00532    0.2213   -1308.9470  0.7485 
   00533    0.2000   -1290.1957  0.7353 
   00534    0.2075   -1275.9787  0.7486 
   00535    0.1875   -1278.1206  0.7653 
   00536    0.2137   -1289.7446  0.7770 
   00537    0.2025   -1296.9614  0.7798 
   00538    0.1875   -1316.7957  0.8002 
   00539    0.2012   -1312.7960  0.8072 
   00540    0.1913   -1325.4379  0.7985 
   00541    0.1875   -1312.5627  0.7854 
   00542    0.1812   -1327.3883  0.7949 
   00543    0.2000   -1317.3192  0.7914 
   00544    0.2075   -1323.6116  0.7823 
   00545    0.2012   -1323.4572  0.7910 
   00546    0.2150   -1329.9378  0.7980 
   00547    0.1975   -1329.1122  0.8026 
   00548    0.1875   -1306.7816  0.7832 
   00549    0.1938   -1280.4638  0.7640 
   00550    0.2025   -1278.6019  0.7685 
   00551    0.1862   -1286.9881  0.7760 
   00552    0.2037   -1271.8027  0.7848 
   00553    0.1862   -1283.7170  0.7823 
   00554    0.1975   -1275.3154  0.7906 
   00555    0.2087   -1285.9167  0.7874 
   00556    0.2087   -1323.8042  0.8048 
   00557    0.1900   -1308.4847  0.8079 
   00558    0.2100   -1279.6279  0.7891 
   00559    0.1837   -1279.3824  0.7831 
   00560    0.1825   -1266.2378  0.7775 
   00561    0.1988   -1285.5760  0.7854 
   00562    0.2000   -1310.3995  0.8112 
   00563    0.1938   -1325.8292  0.8144 
   00564    0.1888   -1323.0545  0.8120 
   00565    0.1888   -1334.5114  0.8027 
   00566    0.1763   -1326.6275  0.8061 
   00567    0.1763   -1340.5785  0.8144 
   00568    0.1863   -1317.7708  0.8024 
   00569    0.2100   -1308.7100  0.8097 
   00570    0.2150   -1292.5784  0.7883 
   00571    0.1975   -1308.4366  0.7971 
   00572    0.1812   -1297.1942  0.7950 
   00573    0.2012   -1269.4444  0.7910 
   00574    0.2012   -1292.1734  0.8106 
   00575    0.2388   -1292.8133  0.8120 
   00576    0.1987   -1299.2738  0.8053 
   00577    0.2013   -1298.6496  0.8245 
   00578    0.1987   -1282.9912  0.8085 
   00579    0.1987   -1279.5331  0.8110 
   00580    0.2125   -1283.5737  0.8020 
   00581    0.1913   -1266.7764  0.8105 
   00582    0.2050   -1319.1919  0.8234 
   00583    0.2087   -1307.0939  0.8300 
   00584    0.2037   -1302.5416  0.8340 
   00585    0.2100   -1303.7831  0.8281 
   00586    0.2000   -1304.1929  0.8252 
   00587    0.1975   -1323.4222  0.8250 
   00588    0.1788   -1307.1858  0.8186 
   00589    0.1825   -1307.5712  0.8100 
   00590    0.1962   -1311.6775  0.8150 
   00591    0.1962   -1322.6018  0.8289 
   00592    0.2075   -1345.5738  0.8344 
   00593    0.2013   -1312.1439  0.8247 
   00594    0.1938   -1312.9671  0.8105 
   00595    0.2112   -1308.4321  0.8055 
   00596    0.1837   -1302.6070  0.8034 
   00597    0.2075   -1296.9346  0.8115 
   00598    0.2100   -1306.2846  0.8222 
   00599    0.2100   -1303.0745  0.8154 
   00600    0.1875   -1307.4343  0.8173 
   00601    0.2200   -1275.2215  0.8070 
   00602    0.1925   -1289.3387  0.8209 
   00603    0.2037   -1293.4404  0.8184 
   00604    0.1962   -1268.1275  0.8091 
   00605    0.2050   -1256.9695  0.7916 
   00606    0.1888   -1251.9325  0.7993 
   00607    0.1938   -1275.1880  0.8008 
   00608    0.2000   -1279.4675  0.7899 
   00609    0.2175   -1270.8418  0.7975 
   00610    0.2125   -1292.9419  0.8033 
   00611    0.1812   -1306.6378  0.8052 
   00612    0.1925   -1289.1463  0.8121 
   00613    0.1937   -1321.7696  0.8275 
   00614    0.2062   -1318.2403  0.8250 
   00615    0.1912   -1305.7409  0.8259 
   00616    0.2100   -1314.1054  0.8361 
   00617    0.2100   -1299.3481  0.8269 
   00618    0.1913   -1271.1781  0.8274 
   00619    0.1988   -1275.0585  0.8132 
   00620    0.1800   -1265.1132  0.8051 
   00621    0.2012   -1287.5852  0.8165 
   00622    0.2125   -1283.4829  0.8162 
   00623    0.1988   -1272.4815  0.8215 
   00624    0.2238   -1274.5439  0.8341 
   00625    0.2137   -1290.4793  0.8319 
   00626    0.2050   -1298.8573  0.8447 
   00627    0.2213   -1292.7389  0.8403 
   00628    0.1913   -1294.8176  0.8350 
   00629    0.2087   -1307.0987  0.8344 
   00630    0.2087   -1280.3913  0.8275 
   00631    0.2100   -1299.8403  0.8118 
   00632    0.2050   -1282.4475  0.7991 
   00633    0.1850   -1280.1549  0.7873 
   00634    0.2137   -1309.0795  0.8053 
   00635    0.1713   -1324.9222  0.8080 
   00636    0.1875   -1299.3946  0.8039 
   00637    0.1875   -1291.9621  0.7979 
   00638    0.1912   -1279.5431  0.7976 
   00639    0.1937   -1281.1806  0.7977 
   00640    0.2000   -1280.9826  0.8019 
   00641    0.1812   -1275.2917  0.8020 
   00642    0.1875   -1276.5216  0.8007 
   00643    0.1787   -1284.7612  0.7997 
   00644    0.1925   -1280.1083  0.7960 
   00645    0.1950   -1284.2365  0.7969 
   00646    0.2200   -1284.1051  0.7849 
   00647    0.1963   -1298.3586  0.7872 
   00648    0.2150   -1293.8136  0.8035 
   00649    0.2062   -1289.7890  0.8097 
   00650    0.1900   -1265.7618  0.8001 
   00651    0.2250   -1271.4015  0.7915 
   00652    0.1950   -1253.8123  0.7779 
   00653    0.2275   -1258.8690  0.7821 
   00654    0.2062   -1248.6270  0.7799 
   00655    0.1962   -1280.1312  0.7949 
   00656    0.2087   -1261.9119  0.7812 
   00657    0.2037   -1271.6368  0.7769 
   00658    0.2000   -1279.6746  0.7747 
   00659    0.2037   -1268.9147  0.7737 
   00660    0.2062   -1263.2436  0.7836 
   00661    0.2075   -1271.3041  0.7834 
   00662    0.2137   -1267.2637  0.7806 
   00663    0.2100   -1305.4380  0.7949 
   00664    0.1900   -1302.8341  0.7960 
   00665    0.2050   -1305.6298  0.7903 
   00666    0.2087   -1266.6007  0.7905 
   00667    0.2275   -1260.9986  0.7925 
   00668    0.2025   -1252.1294  0.7769 
   00669    0.2175   -1256.6364  0.7681 
   00670    0.2100   -1246.5429  0.7660 
   00671    0.1962   -1247.3447  0.7551 
   00672    0.1888   -1229.4678  0.7603 
   00673    0.2062   -1243.2671  0.7793 
   00674    0.1912   -1272.9255  0.7856 
   00675    0.1925   -1274.5073  0.7818 
   00676    0.2125   -1287.4365  0.8003 
   00677    0.1950   -1298.9239  0.8062 
   00678    0.1950   -1305.6790  0.8015 
   00679    0.2000   -1309.3509  0.8086 
   00680    0.2050   -1271.7638  0.8022 
   00681    0.1850   -1284.9701  0.8113 
   00682    0.2037   -1309.8595  0.8213 
   00683    0.2012   -1330.8801  0.8326 
   00684    0.1813   -1319.0070  0.8329 
   00685    0.1938   -1340.7210  0.8456 
   00686    0.1950   -1325.5536  0.8413 
   00687    0.2112   -1320.0975  0.8489 
   00688    0.2238   -1331.4027  0.8509 
   00689    0.2137   -1331.5464  0.8567 
   00690    0.2025   -1314.6863  0.8350 
   00691    0.1775   -1329.0951  0.8426 
   00692    0.1888   -1297.6170  0.8241 
   00693    0.1925   -1308.1376  0.8356 
   00694    0.1913   -1314.2264  0.8300 
   00695    0.1862   -1306.4756  0.8270 
   00696    0.2013   -1287.9997  0.8218 
   00697    0.2050   -1287.3666  0.8244 
   00698    0.2012   -1270.4191  0.8040 
   00699    0.1850   -1251.8051  0.7931 
   00700    0.2050   -1268.0639  0.8077 
   00701    0.1963   -1268.3720  0.7971 
   00702    0.1800   -1273.1940  0.7892 
   00703    0.2087   -1286.8578  0.7933 
   00704    0.2062   -1282.3275  0.8030 
   00705    0.1962   -1260.8928  0.7833 
   00706    0.2162   -1272.0096  0.7912 
   00707    0.2075   -1259.7766  0.7916 
   00708    0.1888   -1285.5608  0.8044 
   00709    0.2112   -1244.0952  0.7943 
   00710    0.1950   -1254.0361  0.7890 
   00711    0.2000   -1266.3020  0.7904 
   00712    0.2062   -1258.8734  0.7814 
   00713    0.1900   -1240.5452  0.7730 
   00714    0.1925   -1251.9025  0.7757 
   00715    0.2175   -1249.1422  0.7867 
   00716    0.2062   -1304.0132  0.8144 
   00717    0.2025   -1312.7964  0.8045 
   00718    0.1825   -1290.0172  0.7990 
   00719    0.2000   -1275.5916  0.8020 
   00720    0.1900   -1289.3185  0.7992 
   00721    0.2062   -1286.1545  0.8014 
   00722    0.1962   -1276.4841  0.8141 
   00723    0.1975   -1278.0942  0.8203 
   00724    0.2062   -1282.5462  0.8104 
   00725    0.1950   -1296.5150  0.8173 
   00726    0.1975   -1279.2765  0.8056 
   00727    0.1937   -1272.0462  0.8196 
   00728    0.1913   -1271.1056  0.8125 
   00729    0.2000   -1294.8147  0.8232 
   00730    0.1950   -1296.8753  0.8247 
   00731    0.2000   -1299.2723  0.8277 
   00732    0.2012   -1286.4172  0.8153 
   00733    0.1987   -1266.8039  0.7968 
   00734    0.1775   -1289.4291  0.8068 
   00735    0.1862   -1307.6329  0.8137 
   00736    0.2075   -1264.4403  0.7918 
   00737    0.2100   -1270.5975  0.8077 
   00738    0.2025   -1285.1165  0.8143 
   00739    0.1863   -1293.2810  0.8210 
   00740    0.1900   -1307.2912  0.8244 
   00741    0.1800   -1291.2043  0.8272 
   00742    0.1850   -1307.0184  0.8321 
   00743    0.1900   -1322.2519  0.8369 
   00744    0.1837   -1305.1701  0.8285 
   00745    0.2037   -1290.7022  0.8161 
   00746    0.2100   -1288.2444  0.8206 
   00747    0.1588   -1309.9323  0.8273 
   00748    0.2100   -1314.6771  0.8321 
   00749    0.1813   -1326.0780  0.8368 
   00750    0.1988   -1351.5494  0.8471 
   00751    0.1900   -1374.6497  0.8511 
   00752    0.1788   -1357.3063  0.8429 
   00753    0.2175   -1304.8440  0.8167 
   00754    0.1787   -1301.9685  0.8130 
   00755    0.2087   -1298.7535  0.8020 
   00756    0.1913   -1296.8536  0.8051 
   00757    0.1825   -1294.7127  0.8032 
   00758    0.1800   -1306.2218  0.8087 
   00759    0.2087   -1283.4560  0.8057 
   00760    0.2100   -1278.6885  0.7991 
   00761    0.1925   -1264.1053  0.7943 
   00762    0.2062   -1275.5993  0.8005 
   00763    0.1862   -1262.9233  0.8092 
   00764    0.1975   -1265.1704  0.8073 
   00765    0.2100   -1271.7995  0.8017 
   00766    0.2213   -1276.6465  0.8050 
   00767    0.2125   -1269.5244  0.8156 
   00768    0.2000   -1286.6414  0.8168 
   00769    0.1975   -1316.7532  0.8245 
   00770    0.1837   -1308.7713  0.8239 
   00771    0.1875   -1324.1586  0.8406 
   00772    0.1913   -1300.9068  0.8393 
   00773    0.2037   -1270.1640  0.8241 
   00774    0.2188   -1256.5072  0.8260 
   00775    0.2200   -1276.6777  0.8126 
   00776    0.2112   -1273.5962  0.8008 
   00777    0.2200   -1296.9870  0.8038 
   00778    0.2125   -1309.4841  0.8197 
   00779    0.1775   -1307.2174  0.8114 
   00780    0.1650   -1297.4648  0.8098 
   00781    0.2037   -1281.9018  0.8174 
   00782    0.2037   -1271.1825  0.8177 
   00783    0.1862   -1249.6064  0.7980 
   00784    0.1950   -1256.7755  0.8035 
   00785    0.2050   -1260.4943  0.8029 
   00786    0.2363   -1291.2719  0.8102 
   00787    0.1862   -1291.7667  0.8167 
   00788    0.1663   -1299.9613  0.8097 
   00789    0.1925   -1300.6364  0.8147 
   00790    0.2037   -1308.4990  0.8146 
   00791    0.1962   -1316.0299  0.8131 
   00792    0.1925   -1308.3829  0.8082 
   00793    0.1950   -1306.5765  0.8195 
   00794    0.2213   -1296.4339  0.8070 
   00795    0.2050   -1274.1280  0.8104 
   00796    0.1925   -1259.9982  0.8013 
   00797    0.2137   -1268.6613  0.8024 
   00798    0.1950   -1308.8370  0.8069 
   00799    0.1950   -1303.5887  0.8023 
   00800    0.2087   -1287.1727  0.7990 
   00801    0.1963   -1288.7634  0.7967 
   00802    0.1975   -1305.5824  0.8060 
   00803    0.2025   -1293.1705  0.8077 
   00804    0.2100   -1285.5507  0.8087 
   00805    0.1987   -1293.8081  0.8132 
   00806    0.2075   -1286.2514  0.8157 
   00807    0.1962   -1282.3552  0.8114 
   00808    0.2338   -1255.0032  0.7977 
   00809    0.1775   -1265.9875  0.7964 
   00810    0.2112   -1275.8804  0.7984 
   00811    0.2012   -1298.0526  0.8066 
   00812    0.1837   -1299.3634  0.8103 
   00813    0.2162   -1272.7516  0.8094 
   00814    0.1900   -1279.8959  0.8021 
   00815    0.1900   -1283.3618  0.8001 
   00816    0.1837   -1279.8825  0.8010 
   00817    0.2175   -1260.4254  0.8038 
   00818    0.1913   -1255.6887  0.7995 
   00819    0.2075   -1254.2666  0.8018 
   00820    0.1925   -1262.8047  0.7981 
   00821    0.1925   -1251.5118  0.8048 
   00822    0.1875   -1290.4167  0.8104 
   00823    0.1888   -1270.5309  0.8065 
   00824    0.2000   -1300.6170  0.8238 
   00825    0.1875   -1283.5999  0.8109 
   00826    0.1838   -1280.5857  0.8064 
   00827    0.1900   -1262.9472  0.8042 
   00828    0.2025   -1280.2399  0.8250 
   00829    0.2275   -1296.8557  0.8440 
   00830    0.1975   -1302.0137  0.8360 
   00831    0.1900   -1304.0651  0.8283 
   00832    0.1938   -1317.3236  0.8298 
   00833    0.1888   -1324.2636  0.8301 
   00834    0.2087   -1322.5592  0.8221 
   00835    0.2025   -1319.8196  0.8023 
   00836    0.2062   -1334.8399  0.8168 
   00837    0.2000   -1316.3988  0.8189 
   00838    0.1925   -1331.7009  0.8262 
   00839    0.2000   -1344.4134  0.8258 
   00840    0.1962   -1330.0565  0.8239 
   00841    0.1725   -1318.8686  0.8226 
   00842    0.1825   -1313.8679  0.8140 
   00843    0.2050   -1315.9983  0.8059 
   00844    0.1888   -1313.2999  0.8046 
   00845    0.1900   -1296.1828  0.8073 
   00846    0.1962   -1303.8867  0.8186 
   00847    0.2112   -1314.9658  0.8262 
   00848    0.1837   -1312.1249  0.8258 
   00849    0.1963   -1291.9029  0.8060 
   00850    0.1937   -1277.3447  0.8018 
   00851    0.1962   -1274.1567  0.7897 
   00852    0.1987   -1295.1921  0.8034 
   00853    0.2050   -1306.1236  0.8069 
   00854    0.2137   -1310.4626  0.8278 
   00855    0.2075   -1308.1224  0.8325 
   00856    0.2050   -1311.3284  0.8309 
   00857    0.1800   -1329.1890  0.8372 
   00858    0.1762   -1314.5585  0.8220 
   00859    0.1888   -1310.6633  0.8300 
   00860    0.1862   -1313.2688  0.8137 
   00861    0.2100   -1307.5422  0.7966 
   00862    0.1900   -1321.3885  0.8017 
   00863    0.2012   -1313.5404  0.8116 
   00864    0.2025   -1295.6093  0.8062 
   00865    0.1987   -1274.6447  0.8075 
   00866    0.2162   -1247.4440  0.8049 
   00867    0.1788   -1249.4609  0.7889 
   00868    0.2087   -1255.3468  0.7971 
   00869    0.2037   -1225.7265  0.7907 
   00870    0.2075   -1252.0570  0.7825 
   00871    0.2037   -1241.7639  0.7761 
   00872    0.2087   -1277.4667  0.7773 
   00873    0.2025   -1257.7558  0.7921 
   00874    0.1875   -1287.4302  0.8029 
   00875    0.1800   -1306.7588  0.8218 
   00876    0.1975   -1330.4128  0.8353 
   00877    0.2075   -1334.6749  0.8424 
   00878    0.1963   -1309.2783  0.8238 
   00879    0.1875   -1313.7478  0.8238 
   00880    0.2037   -1307.2037  0.8237 
   00881    0.1862   -1322.4109  0.8224 
   00882    0.2087   -1312.3579  0.8207 
   00883    0.1737   -1316.5715  0.8194 
   00884    0.1938   -1318.3231  0.8342 
   00885    0.1862   -1345.1374  0.8495 
   00886    0.1975   -1319.8832  0.8374 
   00887    0.1800   -1333.9920  0.8418 
   00888    0.2013   -1319.9515  0.8398 
   00889    0.1863   -1298.8134  0.8261 
   00890    0.2112   -1315.3169  0.8213 
   00891    0.1825   -1292.1516  0.8315 
   00892    0.2087   -1301.6728  0.8326 
   00893    0.1900   -1314.7366  0.8450 
   00894    0.2075   -1286.1992  0.8298 
   00895    0.1975   -1300.5860  0.8282 
   00896    0.1875   -1295.2360  0.8353 
   00897    0.2050   -1264.8831  0.8117 
   00898    0.1963   -1270.4040  0.8065 
   00899    0.2087   -1269.0209  0.8050 
   00900    0.1937   -1264.9421  0.7903 
   00901    0.2137   -1273.3909  0.7972 
   00902    0.2075   -1275.8971  0.7882 
   00903    0.1937   -1286.9543  0.7836 
   00904    0.2013   -1294.9802  0.7930 
   00905    0.2012   -1322.0321  0.8147 
   00906    0.1938   -1310.9013  0.8138 
   00907    0.2125   -1299.8683  0.7892 
   00908    0.1963   -1296.0262  0.7831 
   00909    0.1850   -1302.5173  0.7726 
   00910    0.1938   -1302.7856  0.7761 
   00911    0.2037   -1287.7402  0.7766 
   00912    0.2200   -1279.2228  0.7810 
   00913    0.1963   -1262.8089  0.7839 
   00914    0.2062   -1259.4560  0.7800 
   00915    0.2150   -1267.8718  0.7814 
   00916    0.2112   -1271.8499  0.7831 
   00917    0.1925   -1288.7988  0.7948 
   00918    0.1912   -1324.4290  0.7977 
   00919    0.1850   -1321.1023  0.7935 
   00920    0.2062   -1314.4842  0.8043 
   00921    0.2200   -1297.2018  0.7780 
   00922    0.1950   -1285.2284  0.7694 
   00923    0.1862   -1282.8836  0.7629 
   00924    0.1850   -1300.5879  0.7898 
   00925    0.1975   -1292.5301  0.7892 
   00926    0.1975   -1312.5747  0.8004 
   00927    0.1837   -1301.8421  0.8114 
   00928    0.2025   -1286.1343  0.8085 
   00929    0.2100   -1291.1196  0.8089 
   00930    0.1913   -1281.1858  0.8030 
   00931    0.2012   -1293.9875  0.8026 
   00932    0.1900   -1288.3821  0.8018 
   00933    0.2087   -1297.2651  0.8023 
   00934    0.1950   -1270.5127  0.7966 
   00935    0.1975   -1269.2330  0.7919 
   00936    0.2100   -1238.1057  0.7719 
   00937    0.2188   -1257.8588  0.7766 
   00938    0.1963   -1271.0671  0.7792 
   00939    0.2150   -1240.4464  0.7608 
   00940    0.1813   -1274.0310  0.7713 
   00941    0.1987   -1291.7714  0.7799 
   00942    0.1987   -1290.5639  0.7803 
   00943    0.1987   -1277.6484  0.7871 
   00944    0.2025   -1249.8216  0.7714 
   00945    0.2062   -1283.0245  0.7694 
   00946    0.2037   -1260.9626  0.7592 
   00947    0.2075   -1268.3329  0.7649 
   00948    0.2100   -1267.0928  0.7780 
   00949    0.2037   -1295.1915  0.7905 
   00950    0.1750   -1298.3056  0.7988 
   00951    0.1962   -1286.9135  0.8078 
   00952    0.1938   -1284.7162  0.8068 
   00953    0.2087   -1307.8324  0.8133 
   00954    0.1738   -1287.8680  0.8043 
   00955    0.2162   -1289.9384  0.8174 
   00956    0.1938   -1290.7628  0.8277 
   00957    0.2087   -1294.3401  0.8256 
   00958    0.2100   -1315.7909  0.8359 
   00959    0.2137   -1310.1728  0.8385 
   00960    0.1825   -1310.5169  0.8415 
   00961    0.2150   -1310.4033  0.8322 
   00962    0.1800   -1313.7448  0.8197 
   00963    0.2000   -1318.3848  0.8233 
   00964    0.1938   -1298.8832  0.8236 
   00965    0.1925   -1306.5701  0.8371 
   00966    0.1937   -1304.3743  0.8269 
   00967    0.2025   -1320.0444  0.8386 
   00968    0.2000   -1311.4367  0.8327 
   00969    0.2037   -1298.0621  0.8256 
   00970    0.1788   -1283.1840  0.8288 
   00971    0.2013   -1285.8486  0.8313 
   00972    0.1875   -1273.6235  0.8301 
   00973    0.2013   -1290.5101  0.8404 
   00974    0.1850   -1289.8822  0.8281 
   00975    0.1750   -1275.8807  0.8275 
   00976    0.2137   -1284.7753  0.8233 
   00977    0.2037   -1269.7235  0.8324 
   00978    0.1888   -1268.9052  0.8367 
   00979    0.2200   -1299.1853  0.8435 
   00980    0.1950   -1302.5624  0.8524 
   00981    0.2025   -1302.4041  0.8521 
   00982    0.2100   -1277.4428  0.8316 
   00983    0.2075   -1251.1651  0.8251 
   00984    0.2238   -1219.7744  0.8202 
   00985    0.2188   -1261.8946  0.8321 
   00986    0.1763   -1276.3807  0.8285 
   00987    0.2137   -1249.3525  0.8148 
   00988    0.1875   -1252.6747  0.8120 
   00989    0.1950   -1277.1552  0.8249 
   00990    0.2213   -1254.3351  0.8160 
   00991    0.2275   -1262.2593  0.8224 
   00992    0.2075   -1278.3953  0.8151 
   00993    0.2087   -1293.8868  0.8261 
   00994    0.1775   -1301.0243  0.8327 
   00995    0.2013   -1304.1403  0.8219 
   00996    0.2025   -1297.1538  0.8257 
   00997    0.1788   -1315.1103  0.8251 
   00998    0.1987   -1290.5922  0.8103 
   00999    0.1950   -1289.1556  0.8049 
   01000    0.1987   -1290.5493  0.8051 
