#=====================================================
# File created:        Sun-26-Oct-2025-at-07-06-48PM
# Size of lattice:     20x20
# Number of MC steps:  1000
# Reduced temperature: 0.650
# Run time (s):        8.610912
#=====================================================
# MC step:  Ratio:     Energy:   Order:
#=====================================================
   00000    0.5000    -404.8277  0.2826 
   00001    0.6700    -605.6109  0.2878 
   00002    0.6350    -710.6126  0.2928 
   00003    0.5825    -760.6407  0.2904 
   00004    0.5925    -836.2822  0.2834 
   00005    0.4950    -917.2115  0.2685 
   00006    0.5025    -953.5473  0.2803 
   00007    0.4825    -966.0586  0.2654 
   00008    0.4650   -1008.1704  0.2796 
   00009    0.4725   -1047.4873  0.2871 
   00010    0.4875   -1028.0910  0.2870 
   00011    0.4925   -1030.9484  0.2690 
   00012    0.4325   -1036.3646  0.2665 
   00013    0.4750   -1033.3844  0.2618 
   00014    0.5150   -1029.7328  0.2897 
   00015    0.4850   -1030.9969  0.2930 
   00016    0.4825   -1047.5986  0.3002 
   00017    0.4250   -1091.6982  0.2847 
   00018    0.5125   -1092.9909  0.2978 
   00019    0.4675   -1130.7641  0.2916 
   00020    0.4625   -1122.0231  0.2979 
   00021    0.4525   -1159.8634  0.3104 
   00022    0.3675   -1146.6100  0.2981 
   00023    0.4100   -1168.3625  0.2981 
   00024    0.4175   -1172.9716  0.2991 
   00025    0.4425   -1164.5376  0.3111 
   00026    0.4075   -1156.8446  0.3272 
   00027    0.4375   -1164.5086  0.3320 
   00028    0.4375   -1151.0605  0.3550 
   00029    0.4050   -1163.5925  0.3603 
   00030    0.4075   -1173.8203  0.3438 
   00031    0.4400   -1172.5139  0.3473 
   00032    0.4175   -1169.3505  0.3463 
   00033    0.4675   -1170.3307  0.3530 
   00034    0.4275   -1168.6260  0.3429 
   00035    0.4450   -1176.3326  0.3411 
   00036    0.4500   -1162.4990  0.3536 
   00037    0.4425   -1146.1705  0.3531 
   00038    0.4825   -1161.1263  0.3692 
   00039    0.4125   -1163.8752  0.3521 
   00040    0.4125   -1177.4877  0.3539 
   00041    0.4525   -1179.0117  0.3347 
   00042    0.4625   -1167.8385  0.3375 
   00043    0.4425   -1173.1659  0.3289 
   00044    0.4600   -1165.0881  0.2934 
   00045    0.4250   -1167.0997  0.3042 
   00046    0.4475   -1159.0325  0.3265 
   00047    0.4125   -1138.5382  0.3195 
   00048    0.4375   -1180.7212  0.2960 
   00049    0.4050   -1182.8019  0.2941 
   00050    0.4725   -1185.6766  0.3019 
   00051    0.4100   -1174.7451  0.2845 
   00052    0.4150   -1178.3646  0.2639 
   00053    0.4325   -1199.1390  0.2626 
   00054    0.4050   -1180.4483  0.2773 
   00055    0.4100   -1172.3457  0.2799 
   00056    0.3725   -1162.2236  0.2848 
   00057    0.4300   -1188.6143  0.2862 
   00058    0.3900   -1201.6722  0.2906 
   00059    0.4450   -1198.8111  0.2722 
   00060    0.4275   -1202.4351  0.2674 
   00061    0.4175   -1198.2890  0.2686 
   00062    0.4325   -1180.0824  0.2665 
   00063    0.4850   -1158.8856  0.2843 
   00064    0.4450   -1183.2933  0.2737 
   00065    0.3925   -1179.6746  0.2884 
   00066    0.4175   -1184.3744  0.2838 
   00067    0.4150   -1200.6487  0.2941 
   00068    0.4075   -1170.5844  0.2865 
   00069    0.4625   -1201.9414  0.2857 
   00070    0.4150   -1202.1636  0.3141 
   00071    0.4300   -1198.1598  0.3296 
   00072    0.4275   -1184.6567  0.3440 
   00073    0.4725   -1192.9859  0.3334 
   00074    0.4100   -1205.7779  0.3437 
   00075    0.4300   -1185.6789  0.3200 
   00076    0.3775   -1177.2104  0.3290 
   00077    0.4550   -1179.8946  0.3276 
   00078    0.4125   -1186.9075  0.3432 
   00079    0.4075   -1209.9898  0.3620 
   00080    0.4200   -1205.1361  0.3704 
   00081    0.4225   -1183.8140  0.3548 
   00082    0.4400   -1152.1826  0.3481 
   00083    0.4325   -1146.8688  0.3543 
   00084    0.4025   -1160.1633  0.3543 
   00085    0.4650   -1159.3527  0.3509 
   00086    0.4750   -1173.0405  0.3541 
   00087    0.4100   -1158.2653  0.3579 
   00088    0.4475   -1150.6990  0.3646 
   00089    0.4425   -1128.9347  0.3553 
   00090    0.4600   -1138.9246  0.3689 
   00091    0.4425   -1161.5731  0.3920 
   00092    0.4125   -1147.0213  0.3661 
   00093    0.4775   -1144.0232  0.3495 
   00094    0.4000   -1135.2901  0.3503 
   00095    0.4525   -1132.2558  0.3470 
   00096    0.4375   -1141.7302  0.3719 
   00097    0.4550   -1134.4348  0.3815 
   00098    0.4275   -1153.8546  0.3799 
   00099    0.4875   -1129.2398  0.3732 
   00100    0.4550   -1177.5420  0.3493 
   00101    0.4300   -1192.4726  0.3654 
   00102    0.4400   -1167.3936  0.3444 
   00103    0.4575   -1152.8921  0.3470 
   00104    0.3850   -1144.9756  0.3500 
   00105    0.4450   -1156.4904  0.3653 
   00106    0.4350   -1177.9709  0.3813 
   00107    0.3900   -1195.6437  0.3649 
   00108    0.4350   -1183.7295  0.3503 
   00109    0.4150   -1173.2941  0.3590 
   00110    0.4175   -1178.5003  0.3831 
   00111    0.4375   -1193.2629  0.4064 
   00112    0.3875   -1208.0593  0.3952 
   00113    0.3575   -1212.0472  0.3884 
   00114    0.3950   -1207.2679  0.3941 
   00115    0.4375   -1215.6690  0.3865 
   00116    0.3600   -1213.8507  0.3844 
   00117    0.4375   -1206.9219  0.3904 
   00118    0.3925   -1216.8653  0.3898 
   00119    0.4000   -1208.1637  0.3844 
   00120    0.4025   -1195.1796  0.3855 
   00121    0.3950   -1203.7396  0.3818 
   00122    0.4400   -1181.6533  0.4027 
   00123    0.4100   -1150.8230  0.3943 
   00124    0.4350   -1159.3648  0.3876 
   00125    0.4625   -1162.6347  0.3918 
   00126    0.4550   -1171.1509  0.3890 
   00127    0.4425   -1166.6881  0.3775 
   00128    0.4400   -1169.6266  0.3871 
   00129    0.4325   -1185.9199  0.4054 
   00130    0.3850   -1192.6703  0.4036 
   00131    0.4025   -1189.5253  0.4009 
   00132    0.4050   -1147.6478  0.4140 
   00133    0.4650   -1190.2100  0.4186 
   00134    0.4200   -1195.8994  0.4267 
   00135    0.4325   -1226.5518  0.4255 
   00136    0.3975   -1234.6697  0.4160 
   00137    0.4650   -1220.6026  0.4080 
   00138    0.3825   -1230.2314  0.4099 
   00139    0.4225   -1237.6398  0.4346 
   00140    0.4175   -1233.6409  0.4159 
   00141    0.4275   -1243.1997  0.4174 
   00142    0.3550   -1228.4706  0.4067 
   00143    0.4425   -1227.2660  0.3925 
   00144    0.4175   -1243.2110  0.4100 
   00145    0.4250   -1223.5015  0.3979 
   00146    0.4375   -1200.7212  0.4072 
   00147    0.3950   -1185.5865  0.4169 
   00148    0.4600   -1179.1567  0.4288 
   00149    0.4050   -1189.9668  0.4425 
   00150    0.4450   -1212.3950  0.4455 
   00151    0.3750   -1210.1918  0.4463 
   00152    0.4175   -1208.3402  0.4559 
   00153    0.4200   -1217.7057  0.4443 
   00154    0.4425   -1170.0374  0.4367 
   00155    0.4275   -1170.5760  0.4291 
   00156    0.4275   -1175.7534  0.4224 
   00157    0.4475   -1173.6037  0.4238 
   00158    0.4325   -1187.6083  0.4093 
   00159    0.4525   -1180.3529  0.4065 
   00160    0.4400   -1184.6822  0.4332 
   00161    0.4200   -1178.8596  0.4224 
   00162    0.4100   -1216.6965  0.4250 
   00163    0.4375   -1210.0474  0.4123 
   00164    0.4525   -1202.6079  0.4067 
   00165    0.4025   -1198.4359  0.4105 
   00166    0.4100   -1212.7403  0.4209 
   00167    0.4450   -1229.9155  0.4271 
   00168    0.4375   -1231.1295  0.4319 
   00169    0.3800   -1238.8201  0.4614 
   00170    0.4200   -1234.6361  0.4464 
   00171    0.4000   -1243.4103  0.4364 
   00172    0.4475   -1232.8817  0.4211 
   00173    0.4050   -1261.2917  0.4554 
   00174    0.3475   -1254.9253  0.4554 
   00175    0.4025   -1261.6722  0.4593 
   00176    0.4025   -1255.5280  0.4681 
   00177    0.4150   -1265.7488  0.4707 
   00178    0.3925   -1259.6212  0.4833 
   00179    0.3950   -1237.4433  0.4828 
   00180    0.3825   -1249.6733  0.4869 
   00181    0.4300   -1240.3954  0.4807 
   00182    0.4050   -1226.3757  0.4759 
   00183    0.3875   -1221.1021  0.4774 
   00184    0.4100   -1222.7834  0.4674 
   00185    0.4625   -1224.8216  0.4760 
   00186    0.4025   -1224.6422  0.4965 
   00187    0.4225   -1245.9256  0.5105 
   00188    0.4250   -1225.2182  0.5064 
   00189    0.4150   -1241.8003  0.4960 
   00190    0.4200   -1206.9153  0.4940 
   00191    0.4050   -1192.8710  0.4816 
   00192    0.3775   -1200.6535  0.4672 
   00193    0.4550   -1213.5231  0.4758 
   00194    0.4675   -1183.2536  0.4777 
   00195    0.3825   -1186.3316  0.4769 
   00196    0.4275   -1207.2114  0.4906 
   00197    0.4625   -1214.8229  0.4554 
   00198    0.4400   -1251.9061  0.4775 
   00199    0.3750   -1243.6355  0.4705 
   00200    0.4175   -1225.3664  0.4620 
   00201    0.4625   -1230.5979  0.4823 
   00202    0.4350   -1230.5685  0.4985 
   00203    0.3975   -1213.7173  0.4967 
   00204    0.4150   -1199.0171  0.4960 
   00205    0.4400   -1173.5851  0.4950 
   00206    0.4250   -1189.7202  0.4936 
   00207    0.4150   -1197.7382  0.4912 
   00208    0.4375   -1211.9047  0.5129 
   00209    0.3775   -1220.3167  0.5005 
   00210    0.4350   -1228.4036  0.5098 
   00211    0.4325   -1218.8457  0.4889 
   00212    0.4175   -1224.0492  0.4943 
   00213    0.4000   -1224.2892  0.5088 
   00214    0.3850   -1229.4857  0.5161 
   00215    0.4125   -1244.7007  0.5290 
   00216    0.4000   -1268.7530  0.5227 
   00217    0.3950   -1259.9164  0.5128 
   00218    0.4200   -1270.2938  0.5022 
   00219    0.3950   -1262.5650  0.5009 
   00220    0.4050   -1263.0614  0.5008 
   00221    0.4175   -1265.5801  0.5018 
   00222    0.4425   -1264.7862  0.5021 
   00223    0.4025   -1242.9306  0.4858 
   00224    0.4575   -1254.1353  0.4805 
   00225    0.4100   -1246.2921  0.5010 
   00226    0.4500   -1240.0492  0.5116 
   00227    0.3875   -1250.9834  0.5223 
   00228    0.4200   -1255.4096  0.5064 
   00229    0.4350   -1240.8887  0.4867 
   00230    0.3925   -1194.0289  0.4775 
   00231    0.4025   -1197.8497  0.4734 
   00232    0.4125   -1206.7067  0.4873 
   00233    0.4200   -1247.7099  0.5016 
   00234    0.4100   -1280.9158  0.4922 
   00235    0.3650   -1261.4235  0.4825 
   00236    0.4150   -1263.4329  0.4716 
   00237    0.4150   -1254.4113  0.4694 
   00238    0.4050   -1267.5772  0.4693 
   00239    0.4125   -1248.8497  0.4799 
   00240    0.3925   -1250.2531  0.4909 
   00241    0.4125   -1218.2356  0.4931 
   00242    0.4375   -1238.1434  0.4847 
   00243    0.4200   -1233.1723  0.4896 
   00244    0.3950   -1226.1843  0.4582 
   00245    0.4175   -1244.3099  0.4730 
   00246    0.4075   -1258.7552  0.4787 
   00247    0.3975   -1250.6464  0.4961 
   00248    0.3875   -1240.8923  0.4999 
   00249    0.4150   -1248.9931  0.5062 
   00250    0.3775   -1261.9203  0.5161 
   00251    0.3950   -1242.4561  0.5069 
   00252    0.4050   -1218.9913  0.5090 
   00253    0.4025   -1227.6152  0.5276 
   00254    0.4400   -1229.6739  0.5257 
   00255    0.3925   -1223.3012  0.5287 
   00256    0.4375   -1244.8097  0.5415 
   00257    0.3925   -1241.9674  0.5541 
   00258    0.3675   -1252.2553  0.5628 
   00259    0.3900   -1256.9774  0.5646 
   00260    0.4050   -1280.8044  0.5562 
   00261    0.3675   -1265.5942  0.5640 
   00262    0.3975   -1280.3449  0.5817 
   00263    0.3750   -1274.1887  0.5793 
   00264    0.4175   -1279.7240  0.5601 
   00265    0.4175   -1262.7376  0.5688 
   00266    0.3700   -1255.1408  0.5766 
   00267    0.4000   -1286.6870  0.5801 
   00268    0.4325   -1275.6748  0.5749 
   00269    0.3900   -1265.6664  0.5692 
   00270    0.4250   -1285.4427  0.5829 
   00271    0.4025   -1302.5407  0.5748 
   00272    0.4100   -1304.0261  0.5805 
   00273    0.4050   -1301.0735  0.5824 
   00274    0.3925   -1279.5767  0.5976 
   00275    0.4125   -1272.1646  0.5837 
   00276    0.3750   -1267.6002  0.5722 
   00277    0.3500   -1250.9296  0.5599 
   00278    0.3600   -1234.6273  0.5468 
   00279    0.4000   -1220.3176  0.5496 
   00280    0.4025   -1229.9000  0.5490 
   00281    0.4200   -1196.6831  0.5687 
   00282    0.4425   -1197.8005  0.5818 
   00283    0.4550   -1205.7660  0.5919 
   00284    0.4500   -1216.8280  0.5843 
   00285    0.4350   -1238.7235  0.6084 
   00286    0.4300   -1242.2025  0.5984 
   00287    0.4275   -1224.7823  0.5977 
   00288    0.4050   -1236.9702  0.6142 
   00289    0.3650   -1226.4273  0.6072 
   00290    0.4125   -1232.6820  0.6038 
   00291    0.4200   -1251.1840  0.6025 
   00292    0.3800   -1246.5062  0.5901 
   00293    0.4275   -1255.7915  0.6067 
   00294    0.4100   -1269.3331  0.6162 
   00295    0.3900   -1239.3336  0.6235 
   00296    0.3925   -1232.4534  0.6377 
   00297    0.4275   -1223.6509  0.6408 
   00298    0.4150   -1215.3792  0.6128 
   00299    0.4050   -1225.2133  0.6225 
   00300    0.3750   -1243.9899  0.6103 
   00301    0.4075   -1246.4915  0.6232 
   00302    0.3975   -1236.1402  0.6067 
   00303    0.3700   -1233.1145  0.6084 
   00304    0.3875   -1230.4022  0.6238 
   00305    0.4500   -1229.6273  0.6089 
   00306    0.4250   -1252.8417  0.6291 
   00307    0.4175   -1237.0596  0.6262 
   00308    0.4175   -1238.0758  0.6142 
   00309    0.4075   -1247.2807  0.6098 
   00310    0.3650   -1286.8776  0.6410 
   00311    0.3775   -1274.2690  0.6479 
   00312    0.4100   -1257.1181  0.6564 
   00313    0.3950   -1274.7274  0.6600 
   00314    0.3650   -1266.7829  0.6833 
   00315    0.4200   -1251.2784  0.6750 
   00316    0.3900   -1243.5829  0.6909 
   00317    0.4025   -1242.2290  0.6942 
   00318    0.4125   -1251.7692  0.6966 
   00319    0.3725   -1260.4324  0.6910 
   00320    0.4375   -1243.0425  0.6812 
   00321    0.4300   -1243.6645  0.6913 
   00322    0.4425   -1254.1464  0.7037 
   00323    0.4625   -1256.7493  0.6989 
   00324    0.4125   -1247.6035  0.6880 
   00325    0.3600   -1260.1543  0.6872 
   00326    0.4125   -1260.6211  0.6867 
   00327    0.3650   -1249.5686  0.6728 
   00328    0.4300   -1231.4428  0.6753 
   00329    0.4025   -1240.3288  0.6784 
   00330    0.4225   -1277.1922  0.6924 
   00331    0.3725   -1288.7226  0.6972 
   00332    0.3750   -1264.6384  0.6981 
   00333    0.4250   -1251.7577  0.7062 
   00334    0.3975   -1245.7953  0.7031 
   00335    0.4150   -1250.9356  0.7051 
   00336    0.3650   -1237.3813  0.7026 
   00337    0.4125   -1239.1048  0.7107 
   00338    0.3900   -1233.8222  0.7014 
   00339    0.3650   -1238.9024  0.7054 
   00340    0.3950   -1256.3265  0.6994 
   00341    0.3800   -1257.8560  0.6996 
   00342    0.4125   -1249.6931  0.6935 
   00343    0.3700   -1265.5924  0.7217 
   00344    0.4000   -1287.1475  0.7371 
   00345    0.3925   -1288.2542  0.7410 
   00346    0.4150   -1281.0185  0.7483 
   00347    0.3975   -1260.9126  0.7351 
   00348    0.4425   -1277.7775  0.7274 
   00349    0.3750   -1285.5129  0.7246 
   00350    0.4175   -1285.2023  0.7245 
   00351    0.3875   -1289.9649  0.7124 
   00352    0.4050   -1292.7361  0.7246 
   00353    0.4450   -1292.3695  0.7142 
   00354    0.4325   -1283.0869  0.7242 
   00355    0.4000   -1270.1593  0.7299 
   00356    0.4050   -1243.1324  0.7268 
   00357    0.3775   -1259.4192  0.7278 
   00358    0.4175   -1264.1542  0.7353 
   00359    0.4000   -1266.8958  0.7345 
   00360    0.3375   -1256.5233  0.7264 
   00361    0.4175   -1272.2114  0.7472 
   00362    0.4350   -1253.8428  0.7388 
   00363    0.4150   -1260.1897  0.7332 
   00364    0.3875   -1287.0690  0.7460 
   00365    0.4375   -1274.1478  0.7373 
   00366    0.3425   -1282.4987  0.7392 
   00367    0.3975   -1267.0948  0.7207 
   00368    0.3675   -1246.6388  0.7259 
   00369    0.4375   -1257.5541  0.7196 
   00370    0.3650   -1260.9572  0.7279 
   00371    0.3825   -1284.4599  0.7345 
   00372    0.4075   -1267.2098  0.7327 
   00373    0.4375   -1253.8506  0.7216 
   00374    0.3900   -1285.6791  0.7237 
   00375    0.4175   -1267.4384  0.7242 
   00376    0.3925   -1271.5029  0.7302 
   00377    0.3875   -1251.8571  0.7260 
   00378    0.4525   -1250.4114  0.7258 
   00379    0.3925   -1233.7874  0.7363 
   00380    0.4000   -1242.9872  0.7392 
   00381    0.4025   -1241.2459  0.7389 
   00382    0.4300   -1268.7770  0.7626 
   00383    0.3875   -1254.4218  0.7590 
   00384    0.4000   -1252.5470  0.7588 
   00385    0.4025   -1271.2354  0.7572 
   00386    0.3975   -1293.2656  0.7630 
   00387    0.4475   -1299.6370  0.7829 
   00388    0.4025   -1274.0210  0.7746 
   00389    0.3950   -1276.9799  0.7755 
   00390    0.3975   -1282.7665  0.7952 
   00391    0.4050   -1291.9758  0.7983 
   00392    0.3775   -1284.9802  0.7933 
   00393    0.4525   -1259.5414  0.7734 
   00394    0.3225   -1259.9382  0.7716 
   00395    0.3825   -1266.5012  0.7799 
   00396    0.3975   -1254.4509  0.7858 
   00397    0.4100   -1280.3363  0.7836 
   00398    0.4050   -1284.4905  0.7979 
   00399    0.3800   -1305.5051  0.7920 
   00400    0.3825   -1294.4080  0.7801 
   00401    0.3700   -1290.1953  0.7838 
   00402    0.4200   -1293.9718  0.7769 
   00403    0.4025   -1293.1695  0.7795 
   00404    0.3900   -1303.3963  0.7788 
   00405    0.4050   -1289.2438  0.7775 
   00406    0.4125   -1282.7080  0.7632 
   00407    0.4100   -1255.9846  0.7557 
   00408    0.3625   -1259.8157  0.7639 
   00409    0.4250   -1236.4083  0.7696 
   00410    0.4050   -1241.2777  0.7662 
   00411    0.4400   -1249.0513  0.7707 
   00412    0.4000   -1261.4717  0.7771 
   00413    0.3750   -1253.3276  0.7815 
   00414    0.4400   -1261.3391  0.7923 
   00415    0.4175   -1265.4582  0.7934 
   00416    0.4200   -1279.3781  0.8015 
   00417    0.4050   -1281.5115  0.7973 
   00418    0.3800   -1286.6869  0.8099 
   00419    0.4050   -1325.7660  0.8152 
   00420    0.3850   -1329.1210  0.8209 
   00421    0.3600   -1310.8390  0.8208 
   00422    0.3775   -1313.0212  0.8284 
   00423    0.3875   -1307.1471  0.8275 
   00424    0.3975   -1308.7019  0.8293 
   00425    0.4025   -1290.6961  0.8175 
   00426    0.3975   -1281.6891  0.8132 
   00427    0.3750   -1292.9488  0.7964 
   00428    0.3850   -1283.3034  0.7872 
   00429    0.4300   -1268.4233  0.7853 
   00430    0.3900   -1259.4849  0.7780 
   00431    0.3950   -1254.7488  0.7588 
   00432    0.4725   -1252.6793  0.7727 
   00433    0.3625   -1230.9685  0.7656 
   00434    0.3775   -1243.9022  0.7810 
   00435    0.4025   -1237.4910  0.7877 
   00436    0.3950   -1220.5334  0.7833 
   00437    0.3900   -1225.0539  0.7836 
   00438    0.3800   -1259.1170  0.7960 
   00439    0.4050   -1262.3763  0.8024 
   00440    0.4250   -1277.4011  0.8092 
   00441    0.3575   -1290.1074  0.8174 
   00442    0.4025   -1300.5594  0.8267 
   00443    0.4450   -1300.3998  0.8173 
   00444    0.4300   -1268.2249  0.8050 
   00445    0.4300   -1258.0549  0.8105 
   00446    0.4175   -1275.3530  0.8128 
   00447    0.3725   -1281.2999  0.8050 
   00448    0.3975   -1289.6793  0.8064 
   00449    0.4175   -1299.8867  0.8007 
   00450    0.4100   -1317.9185  0.8081 
   00451    0.4300   -1323.0037  0.8097 
   00452    0.4175   -1293.6286  0.8030 
   00453    0.3950   -1302.1615  0.8049 
   00454    0.4325   -1283.1465  0.7745 
   00455    0.3750   -1297.4465  0.7787 
   00456    0.4050   -1307.1029  0.7936 
   00457    0.3675   -1303.5741  0.7979 
   00458    0.4300   -1293.1056  0.7913 
   00459    0.3900   -1296.0960  0.7854 
   00460    0.3575   -1310.9232  0.7952 
   00461    0.3700   -1313.7918  0.7819 
   00462    0.4100   -1311.3860  0.7796 
   00463    0.4175   -1315.4769  0.7892 
   00464    0.3275   -1313.3243  0.7844 
   00465    0.4325   -1285.9074  0.7695 
   00466    0.3975   -1295.2412  0.7676 
   00467    0.3475   -1303.6944  0.7727 
   00468    0.4025   -1315.9017  0.7697 
   00469    0.3900   -1318.6168  0.7698 
   00470    0.4225   -1305.8093  0.7563 
   00471    0.3725   -1312.4065  0.7652 
   00472    0.3775   -1310.4949  0.7763 
   00473    0.3925   -1272.3301  0.7742 
   00474    0.3825   -1281.2990  0.7773 
   00475    0.3975   -1277.6205  0.7655 
   00476    0.4075   -1269.2836  0.7601 
   00477    0.4075   -1260.8080  0.7512 
   00478    0.3625   -1285.1862  0.7646 
   00479    0.4300   -1286.8009  0.7579 
   00480    0.3900   -1302.8861  0.7481 
   00481    0.4575   -1280.0229  0.7359 
   00482    0.3975   -1258.0712  0.7313 
   00483    0.3825   -1261.4499  0.7227 
   00484    0.3575   -1279.8247  0.7164 
   00485    0.3450   -1251.7336  0.7067 
   00486    0.4275   -1246.5098  0.7002 
   00487    0.3975   -1258.5661  0.7224 
   00488    0.3525   -1266.6351  0.7335 
   00489    0.3925   -1274.9053  0.7433 
   00490    0.4225   -1291.6784  0.7522 
   00491    0.3850   -1303.9684  0.7661 
   00492    0.4275   -1301.8592  0.7476 
   00493    0.3500   -1296.6964  0.7544 
   00494    0.3750   -1287.6696  0.7413 
   00495    0.3850   -1260.3742  0.7189 
   00496    0.3750   -1263.7116  0.7182 
   00497    0.3975   -1268.0109  0.7217 
   00498    0.4000   -1255.1204  0.7109 
   00499    0.4025   -1270.2822  0.7277 
   00500    0.4075   -1267.0486  0.7470 
   00501    0.4450   -1289.0944  0.7535 
   00502    0.4350   -1283.0017  0.7567 
   00503    0.4225   -1293.0551  0.7613 
   00504    0.3825   -1303.9498  0.7583 
   00505    0.3475   -1298.4008  0.7474 
   00506    0.3975   -1292.2875  0.7493 
   00507    0.3900   -1279.3088  0.7511 
   00508    0.3650   -1271.9728  0.7312 
   00509    0.4200   -1269.1321  0.7252 
   00510    0.3625   -1284.7884  0.7416 
   00511    0.4550   -1293.4368  0.7448 
   00512    0.4050   -1290.4852  0.7528 
   00513    0.4150   -1299.8630  0.7525 
   00514    0.3950   -1283.0490  0.7449 
   00515    0.4300   -1272.2351  0.7469 
   00516    0.3900   -1268.1640  0.7335 
   00517    0.4325   -1276.6914  0.7428 
   00518    0.4000   -1260.6232  0.7537 
   00519    0.4050   -1256.4270  0.7427 
   00520    0.3575   -1264.0574  0.7303 
   00521    0.4000   -1293.1657  0.7343 
   00522    0.3750   -1295.8468  0.7358 
   00523    0.4175   -1281.7039  0.7269 
   00524    0.4200   -1272.9420  0.7398 
   00525    0.3825   -1275.2435  0.7453 
   00526    0.3725   -1271.4831  0.7330 
   00527    0.3750   -1270.2345  0.7356 
   00528    0.4125   -1261.2388  0.7313 
   00529    0.4100   -1251.2546  0.7318 
   00530    0.3950   -1256.8552  0.7435 
   00531    0.3800   -1245.4830  0.7389 
   00532    0.4350   -1249.6418  0.7217 
   00533    0.3900   -1258.9979  0.7276 
   00534    0.4675   -1271.0101  0.7410 
   00535    0.3800   -1249.2909  0.7433 
   00536    0.3950   -1276.7126  0.7431 
   00537    0.3950   -1274.6128  0.7379 
   00538    0.4600   -1276.1588  0.7389 
   00539    0.3900   -1252.7855  0.7343 
   00540    0.3925   -1266.8308  0.7585 
   00541    0.3975   -1258.6611  0.7389 
   00542    0.4425   -1260.2587  0.7516 
   00543    0.3975   -1268.3104  0.7554 
   00544    0.4000   -1269.8603  0.7631 
   00545    0.4100   -1281.2347  0.7666 
   00546    0.3750   -1304.3983  0.7841 
   00547    0.4025   -1289.5872  0.7775 
   00548    0.4125   -1273.3390  0.7705 
   00549    0.3975   -1284.6858  0.7770 
   00550    0.4100   -1284.9395  0.7756 
   00551    0.3900   -1277.4249  0.7692 
   00552    0.4350   -1273.0879  0.7598 
   00553    0.4250   -1276.1177  0.7616 
   00554    0.4000   -1257.2290  0.7515 
   00555    0.3700   -1245.2532  0.7502 
   00556    0.4250   -1243.3654  0.7440 
   00557    0.4225   -1251.5676  0.7621 
   00558    0.4125   -1268.2010  0.7564 
   00559    0.3500   -1279.6429  0.7559 
   00560    0.3950   -1299.2858  0.7668 
   00561    0.3625   -1305.2628  0.7662 
   00562    0.4125   -1275.4731  0.7498 
   00563    0.3600   -1292.2607  0.7527 
   00564    0.4075   -1291.2281  0.7615 
   00565    0.3950   -1291.0103  0.7691 
   00566    0.4225   -1281.1611  0.7800 
   00567    0.4575   -1313.6095  0.7735 
   00568    0.3700   -1304.1207  0.7668 
   00569    0.4050   -1285.8350  0.7635 
   00570    0.3975   -1280.4494  0.7663 
   00571    0.4375   -1293.0978  0.7827 
   00572    0.4075   -1281.0053  0.7727 
   00573    0.4100   -1280.7158  0.7783 
   00574    0.3925   -1314.0129  0.7974 
   00575    0.3925   -1319.6279  0.8013 
   00576    0.4050   -1309.5446  0.7896 
   00577    0.3750   -1322.5530  0.8094 
   00578    0.3725   -1299.7581  0.8049 
   00579    0.4325   -1299.4565  0.8082 
   00580    0.3850   -1317.0030  0.8120 
   00581    0.3675   -1323.8723  0.8283 
   00582    0.3950   -1289.3245  0.8043 
   00583    0.4100   -1289.4932  0.7939 
   00584    0.4200   -1275.1904  0.7983 
   00585    0.3925   -1291.7097  0.7959 
   00586    0.4000   -1288.7357  0.7910 
   00587    0.4100   -1288.0411  0.7925 
   00588    0.3975   -1289.3416  0.7944 
   00589    0.3725   -1263.6933  0.7899 
   00590    0.4225   -1281.7118  0.7903 
   00591    0.4175   -1306.2801  0.7969 
   00592    0.4225   -1306.3581  0.8014 
   00593    0.3675   -1306.1855  0.8130 
   00594    0.3800   -1283.2240  0.8088 
   00595    0.4075   -1285.2273  0.8064 
   00596    0.3875   -1276.5931  0.8174 
   00597    0.3925   -1272.4031  0.8166 
   00598    0.4125   -1268.3645  0.8169 
   00599    0.3875   -1278.4804  0.8193 
   00600    0.3650   -1276.2092  0.8147 
   00601    0.4350   -1295.2628  0.8247 
   00602    0.3900   -1296.7868  0.8232 
   00603    0.4000   -1311.6221  0.8111 
   00604    0.3800   -1286.2694  0.8095 
   00605    0.4150   -1303.8859  0.8213 
   00606    0.3925   -1266.2380  0.8017 
   00607    0.4200   -1293.4330  0.8109 
   00608    0.4200   -1295.7216  0.8137 
   00609    0.3750   -1281.4949  0.8189 
   00610    0.3975   -1306.2263  0.8332 
   00611    0.3950   -1314.4743  0.8247 
   00612    0.3525   -1316.5154  0.8312 
   00613    0.4025   -1315.0358  0.8235 
   00614    0.3175   -1312.8525  0.8244 
   00615    0.3475   -1309.8757  0.8186 
   00616    0.3625   -1328.3005  0.8278 
   00617    0.4425   -1314.1074  0.8192 
   00618    0.3825   -1314.4488  0.8292 
   00619    0.3900   -1300.6884  0.8232 
   00620    0.4500   -1292.0421  0.8124 
   00621    0.4050   -1309.5702  0.8125 
   00622    0.3875   -1280.3995  0.8106 
   00623    0.4125   -1264.6338  0.8147 
   00624    0.3875   -1271.2294  0.8074 
   00625    0.4125   -1289.5601  0.8342 
   00626    0.3650   -1311.2164  0.8392 
   00627    0.3900   -1286.7799  0.8282 
   00628    0.3975   -1317.5874  0.8303 
   00629    0.3800   -1313.7858  0.8354 
   00630    0.3600   -1311.6223  0.8315 
   00631    0.3450   -1291.6848  0.8261 
   00632    0.4400   -1264.6217  0.8087 
   00633    0.4200   -1268.0985  0.8059 
   00634    0.3525   -1270.4318  0.8069 
   00635    0.4100   -1277.7420  0.8039 
   00636    0.3950   -1265.8723  0.8101 
   00637    0.4625   -1251.7474  0.8043 
   00638    0.4575   -1277.7080  0.8074 
   00639    0.4050   -1280.9869  0.8083 
   00640    0.4025   -1261.4506  0.7927 
   00641    0.3925   -1261.2138  0.7912 
   00642    0.3750   -1267.1474  0.7941 
   00643    0.4425   -1262.0597  0.7931 
   00644    0.3975   -1244.2809  0.7785 
   00645    0.4225   -1234.6747  0.7696 
   00646    0.4025   -1226.3733  0.7699 
   00647    0.3850   -1227.2129  0.7777 
   00648    0.3900   -1227.3824  0.7840 
   00649    0.4275   -1252.5187  0.7720 
   00650    0.4700   -1277.8736  0.7731 
   00651    0.3500   -1264.7286  0.7617 
   00652    0.3600   -1231.3714  0.7595 
   00653    0.4025   -1223.2988  0.7519 
   00654    0.4225   -1226.3285  0.7498 
   00655    0.4125   -1252.1159  0.7601 
   00656    0.4125   -1234.7104  0.7538 
   00657    0.4475   -1253.6143  0.7657 
   00658    0.4450   -1272.7388  0.7517 
   00659    0.4625   -1261.8266  0.7551 
   00660    0.3900   -1222.4552  0.7451 
   00661    0.4350   -1263.7001  0.7452 
   00662    0.4500   -1275.2725  0.7503 
   00663    0.4000   -1283.1757  0.7561 
   00664    0.3800   -1258.8411  0.7426 
   00665    0.4225   -1245.4152  0.7284 
   00666    0.4000   -1237.3295  0.7348 
   00667    0.3650   -1217.2181  0.7264 
   00668    0.4350   -1253.3610  0.7504 
   00669    0.4025   -1223.8262  0.7430 
   00670    0.3900   -1229.0609  0.7443 
   00671    0.4450   -1243.4105  0.7413 
   00672    0.3425   -1248.2059  0.7458 
   00673    0.3875   -1273.2565  0.7750 
   00674    0.4175   -1305.4231  0.8014 
   00675    0.3800   -1290.4512  0.7985 
   00676    0.3925   -1313.7979  0.8098 
   00677    0.3850   -1321.4331  0.8267 
   00678    0.3875   -1319.8670  0.8209 
   00679    0.3575   -1318.3460  0.8266 
   00680    0.3825   -1311.0370  0.8261 
   00681    0.4100   -1306.1071  0.8136 
   00682    0.3975   -1281.4267  0.8185 
   00683    0.3750   -1265.7577  0.8080 
   00684    0.4200   -1277.3634  0.8124 
   00685    0.3750   -1300.1737  0.8271 
   00686    0.3650   -1296.1178  0.8277 
   00687    0.4450   -1290.2802  0.8112 
   00688    0.3875   -1293.7495  0.8092 
   00689    0.3925   -1293.2502  0.8195 
   00690    0.4325   -1305.8855  0.8238 
   00691    0.4450   -1314.8614  0.8143 
   00692    0.3650   -1300.4579  0.8071 
   00693    0.3525   -1285.6097  0.7929 
   00694    0.3650   -1281.8637  0.7880 
   00695    0.4150   -1302.6397  0.7988 
   00696    0.3500   -1291.4011  0.8023 
   00697    0.3775   -1290.4340  0.8101 
   00698    0.3775   -1290.9482  0.8085 
   00699    0.4000   -1296.4718  0.8131 
   00700    0.4375   -1284.7501  0.7963 
   00701    0.4325   -1249.2369  0.7885 
   00702    0.4150   -1245.6312  0.7810 
   00703    0.4400   -1265.6425  0.7978 
   00704    0.3850   -1272.2849  0.7978 
   00705    0.4000   -1256.3535  0.7987 
   00706    0.3850   -1237.7862  0.7821 
   00707    0.3975   -1257.1562  0.7965 
   00708    0.4000   -1293.9845  0.8077 
   00709    0.3925   -1291.6294  0.8024 
   00710    0.3950   -1287.8690  0.8115 
   00711    0.3675   -1286.2042  0.8103 
   00712    0.4225   -1297.3455  0.8213 
   00713    0.4075   -1306.1656  0.8254 
   00714    0.4000   -1316.5408  0.8333 
   00715    0.3375   -1290.5405  0.8279 
   00716    0.4200   -1299.0444  0.8250 
   00717    0.4150   -1326.5799  0.8378 
   00718    0.3850   -1319.0026  0.8315 
   00719    0.3850   -1332.6112  0.8335 
   00720    0.3450   -1320.3906  0.8251 
   00721    0.4125   -1302.8738  0.8160 
   00722    0.3875   -1298.2229  0.8111 
   00723    0.4325   -1280.2596  0.8227 
   00724    0.4175   -1323.1839  0.8537 
   00725    0.4100   -1324.1704  0.8460 
   00726    0.3950   -1343.1967  0.8482 
   00727    0.3850   -1334.9998  0.8331 
   00728    0.4000   -1331.1593  0.8349 
   00729    0.4075   -1297.8115  0.8234 
   00730    0.3650   -1293.3346  0.8233 
   00731    0.4175   -1301.2017  0.8191 
   00732    0.3800   -1281.4805  0.8129 
   00733    0.4050   -1283.1035  0.8054 
   00734    0.3750   -1282.7515  0.8073 
   00735    0.4050   -1281.9902  0.8096 
   00736    0.3675   -1287.7365  0.8177 
   00737    0.3925   -1287.7779  0.8113 
   00738    0.3925   -1298.2707  0.8114 
   00739    0.3750   -1292.5040  0.8126 
   00740    0.4100   -1286.9705  0.8271 
   00741    0.4175   -1262.4002  0.8083 
   00742    0.4300   -1280.1312  0.8117 
   00743    0.3975   -1268.1387  0.8138 
   00744    0.3925   -1262.9959  0.8144 
   00745    0.3775   -1258.3672  0.8194 
   00746    0.3975   -1301.7725  0.8298 
   00747    0.3525   -1285.8515  0.8203 
   00748    0.4075   -1260.0522  0.8194 
   00749    0.4425   -1275.2145  0.8254 
   00750    0.4300   -1289.2042  0.8137 
   00751    0.3900   -1306.4506  0.8119 
   00752    0.4025   -1307.2879  0.8097 
   00753    0.3925   -1293.9312  0.8175 
   00754    0.3575   -1306.7025  0.8277 
   00755    0.4025   -1301.9488  0.8205 
   00756    0.3750   -1289.4424  0.8225 
   00757    0.4050   -1281.8073  0.8133 
   00758    0.4275   -1292.0022  0.8098 
   00759    0.3700   -1286.0800  0.8175 
   00760    0.3800   -1286.6786  0.8182 
   00761    0.4450   -1288.4915  0.8280 
   00762    0.3750   -1298.6693  0.8276 
   00763    0.3875   -1314.8298  0.8329 
   00764    0.4375   -1324.0960  0.8413 
   00765    0.3425   -1298.0390  0.8351 
   00766    0.3950   -1287.1430  0.8284 
   00767    0.4075   -1283.3126  0.8239 
   00768    0.3625   -1280.4437  0.8172 
   00769    0.4050   -1284.1048  0.8199 
   00770    0.4250   -1278.3025  0.8149 
   00771    0.4150   -1288.2462  0.8187 
   00772    0.4200   -1278.9465  0.8067 
   00773    0.4325   -1266.9969  0.8043 
   00774    0.4025   -1281.9967  0.8259 
   00775    0.3900   -1284.6306  0.8135 
   00776    0.3825   -1306.5081  0.8288 
   00777    0.4075   -1298.2553  0.8211 
   00778    0.3850   -1276.3598  0.8128 
   00779    0.3550   -1302.3744  0.8349 
   00780    0.4150   -1316.1066  0.8357 
   00781    0.3975   -1318.6576  0.8352 
   00782    0.4225   -1306.8945  0.8314 
   00783    0.4100   -1300.9134  0.8295 
   00784    0.3850   -1289.3400  0.8214 
   00785    0.3975   -1281.9902  0.8186 
   00786    0.3625   -1298.3809  0.8225 
   00787    0.3750   -1304.1732  0.8227 
   00788    0.4025   -1311.6993  0.8331 
   00789    0.3775   -1316.4430  0.8266 
   00790    0.3650   -1289.0344  0.8099 
   00791    0.4000   -1298.3013  0.8042 
   00792    0.3850   -1270.6734  0.7797 
   00793    0.3975   -1242.3843  0.7717 
   00794    0.4050   -1256.2086  0.7655 
   00795    0.4100   -1261.4754  0.7655 
   00796    0.3675   -1265.1448  0.7613 
   00797    0.3350   -1258.9105  0.7557 
   00798    0.4075   -1267.4111  0.7640 
   00799    0.4025   -1246.0670  0.7516 
   00800    0.4375   -1276.3708  0.7734 
   00801    0.3825   -1277.1643  0.7876 
   00802    0.3825   -1258.9941  0.7759 
   00803    0.3950   -1282.3736  0.7968 
   00804    0.3975   -1264.7729  0.7986 
   00805    0.4050   -1268.4179  0.8114 
   00806    0.4325   -1272.9686  0.8011 
   00807    0.3800   -1270.0707  0.8044 
   00808    0.3925   -1257.2366  0.7827 
   00809    0.4000   -1251.1136  0.7916 
   00810    0.4375   -1268.4892  0.7969 
   00811    0.4050   -1263.3447  0.7934 
   00812    0.3750   -1266.2210  0.8086 
   00813    0.4525   -1257.7663  0.8142 
   00814    0.3750   -1242.6756  0.8067 
   00815    0.3975   -1237.2774  0.7996 
   00816    0.3575   -1268.1495  0.8070 
   00817    0.3525   -1305.1115  0.8181 
   00818    0.4000   -1335.5593  0.8297 
   00819    0.4050   -1335.3360  0.8276 
   00820    0.4225   -1311.2789  0.8238 
   00821    0.4025   -1297.8264  0.8109 
   00822    0.4300   -1279.5759  0.8083 
   00823    0.4025   -1256.4654  0.8046 
   00824    0.3700   -1277.7096  0.8108 
   00825    0.4025   -1297.7194  0.8321 
   00826    0.4175   -1269.7257  0.8197 
   00827    0.4150   -1270.4996  0.8131 
   00828    0.3825   -1291.0398  0.8181 
   00829    0.4000   -1282.3474  0.8204 
   00830    0.4225   -1268.2370  0.8113 
   00831    0.3925   -1253.5060  0.8131 
   00832    0.4125   -1268.1965  0.8259 
   00833    0.4450   -1274.9158  0.8262 
   00834    0.4350   -1277.6778  0.8267 
   00835    0.4000   -1287.5819  0.8358 
   00836    0.4350   -1293.0239  0.8471 
   00837    0.3775   -1291.1655  0.8399 
   00838    0.3750   -1309.5169  0.8458 
   00839    0.3825   -1334.8977  0.8488 
   00840    0.3750   -1295.4392  0.8306 
   00841    0.3450   -1282.9380  0.8305 
   00842    0.3750   -1308.9860  0.8415 
   00843    0.4100   -1315.1794  0.8478 
   00844    0.3675   -1321.6573  0.8558 
   00845    0.4000   -1310.7939  0.8487 
   00846    0.3800   -1327.0667  0.8544 
   00847    0.3975   -1322.4761  0.8517 
   00848    0.3750   -1283.0862  0.8357 
   00849    0.4000   -1294.9276  0.8520 
   00850    0.3750   -1297.9832  0.8499 
   00851    0.3750   -1301.0746  0.8475 
   00852    0.4075   -1326.2523  0.8575 
   00853    0.4200   -1337.7979  0.8538 
   00854    0.3775   -1315.0221  0.8472 
   00855    0.4150   -1298.7505  0.8493 
   00856    0.3875   -1306.7832  0.8514 
   00857    0.3850   -1303.5479  0.8467 
   00858    0.4425   -1284.0213  0.8400 
   00859    0.4400   -1290.2769  0.8331 
   00860    0.3875   -1301.6145  0.8409 
   00861    0.4100   -1310.0727  0.8460 
   00862    0.3500   -1293.6936  0.8396 
   00863    0.3925   -1312.2149  0.8481 
   00864    0.3825   -1307.7970  0.8491 
   00865    0.3975   -1320.2674  0.8507 
   00866    0.3750   -1338.0984  0.8590 
   00867    0.4100   -1340.0741  0.8600 
   00868    0.4125   -1325.0413  0.8508 
   00869    0.3600   -1328.1598  0.8475 
   00870    0.3875   -1315.9523  0.8392 
   00871    0.4200   -1319.9592  0.8454 
   00872    0.3600   -1305.6079  0.8415 
   00873    0.3975   -1269.9382  0.8250 
   00874    0.4050   -1278.9007  0.8239 
   00875    0.3550   -1289.0452  0.8304 
   00876    0.3600   -1293.5169  0.8386 
   00877    0.3575   -1306.1643  0.8385 
   00878    0.3625   -1301.6265  0.8227 
   00879    0.3775   -1311.0288  0.8281 
   00880    0.3775   -1309.5616  0.8198 
   00881    0.3750   -1305.6587  0.8159 
   00882    0.3975   -1301.4400  0.8171 
   00883    0.4025   -1321.0626  0.8128 
   00884    0.3700   -1287.6682  0.8034 
   00885    0.4125   -1266.3213  0.7902 
   00886    0.3750   -1281.8843  0.7936 
   00887    0.3800   -1278.2327  0.8041 
   00888    0.4125   -1301.0936  0.8122 
   00889    0.3800   -1304.7279  0.8164 
   00890    0.4025   -1277.9883  0.8009 
   00891    0.4000   -1281.4302  0.8137 
   00892    0.4050   -1289.4463  0.8149 
   00893    0.3550   -1291.0794  0.8210 
   00894    0.4175   -1274.6885  0.8170 
   00895    0.3775   -1284.8759  0.8199 
   00896    0.3900   -1259.8798  0.8143 
   00897    0.4150   -1242.4787  0.8016 
   00898    0.4500   -1254.4014  0.8036 
   00899    0.4450   -1254.3647  0.7926 
   00900    0.3450   -1273.0258  0.8038 
   00901    0.4075   -1266.3551  0.7998 
   00902    0.4000   -1288.0010  0.8207 
   00903    0.3975   -1298.4979  0.8327 
   00904    0.4075   -1309.0602  0.8422 
   00905    0.4225   -1296.2268  0.8305 
   00906    0.4175   -1271.7453  0.8099 
   00907    0.4300   -1291.6904  0.8128 
   00908    0.4250   -1286.1086  0.8196 
   00909    0.4475   -1295.3439  0.8294 
   00910    0.3700   -1335.2862  0.8421 
   00911    0.3600   -1332.7963  0.8514 
   00912    0.3300   -1308.2327  0.8391 
   00913    0.3825   -1305.9725  0.8347 
   00914    0.4075   -1303.8698  0.8256 
   00915    0.3725   -1303.4289  0.8345 
   00916    0.4100   -1299.0758  0.8331 
   00917    0.3850   -1298.3455  0.8414 
   00918    0.3625   -1285.9858  0.8307 
   00919    0.4000   -1260.0560  0.8168 
   00920    0.4350   -1295.9232  0.8263 
   00921    0.3950   -1302.1290  0.8190 
   00922    0.3675   -1301.5596  0.8155 
   00923    0.4075   -1299.3528  0.8161 
   00924    0.4250   -1301.3715  0.8045 
   00925    0.3800   -1309.1984  0.8071 
   00926    0.3950   -1295.8297  0.8002 
   00927    0.4100   -1281.9586  0.7889 
   00928    0.3550   -1313.8626  0.8101 
   00929    0.4375   -1288.6694  0.8120 
   00930    0.3700   -1307.5050  0.8153 
   00931    0.3825   -1279.2817  0.8072 
   00932    0.3875   -1297.4882  0.8207 
   00933    0.3900   -1313.2407  0.8132 
   00934    0.3925   -1299.3726  0.8178 
   00935    0.3900   -1340.4670  0.8318 
   00936    0.3525   -1333.7479  0.8306 
   00937    0.4200   -1342.2797  0.8347 
   00938    0.3750   -1316.9776  0.8405 
   00939    0.4025   -1320.0113  0.8296 
   00940    0.4000   -1345.4140  0.8286 
   00941    0.3925   -1314.7299  0.8231 
   00942    0.4175   -1304.5171  0.8282 
   00943    0.3500   -1275.4783  0.8082 
   00944    0.3850   -1283.6156  0.8108 
   00945    0.3875   -1284.7710  0.8120 
   00946    0.4350   -1256.7964  0.7869 
   00947    0.4175   -1278.6459  0.7901 
   00948    0.4325   -1295.7943  0.8150 
   00949    0.3750   -1292.2175  0.8043 
   00950    0.3950   -1322.9167  0.8267 
   00951    0.3975   -1322.0257  0.8259 
   00952    0.3550   -1302.6988  0.8214 
   00953    0.4575   -1306.7165  0.8155 
   00954    0.4175   -1293.9892  0.8128 
   00955    0.4000   -1279.3663  0.8030 
   00956    0.3800   -1284.6161  0.7979 
   00957    0.3800   -1292.4384  0.8067 
   00958    0.4050   -1282.9586  0.8104 
   00959    0.3800   -1276.6722  0.8171 
   00960    0.4250   -1271.3365  0.8116 
   00961    0.3525   -1262.5546  0.8107 
   00962    0.4000   -1277.0084  0.8137 
   00963    0.4175   -1285.7521  0.8132 
   00964    0.3800   -1292.2617  0.8110 
   00965    0.4350   -1272.2378  0.8149 
   00966    0.3700   -1267.1001  0.8038 
   00967    0.3300   -1264.4656  0.8031 
   00968    0.4200   -1267.6028  0.8017 
   00969    0.3900   -1289.0092  0.8220 
   00970    0.3550   -1283.8179  0.8189 
   00971    0.3650   -1280.9503  0.8102 
   00972    0.3725   -1282.4061  0.8177 
   00973    0.3900   -1273.7442  0.8180 
   00974    0.4250   -1266.3849  0.8049 
   00975    0.4300   -1273.0374  0.8110 
   00976    0.4175   -1256.4920  0.7945 
   00977    0.3950   -1237.4900  0.7945 
   00978    0.4075   -1264.0402  0.7937 
   00979    0.3850   -1244.9511  0.7912 
   00980    0.4575   -1224.4079  0.7854 
   00981    0.4575   -1243.3354  0.7900 
   00982    0.4100   -1271.0533  0.8015 
   00983    0.4400   -1265.0290  0.8072 
   00984    0.4250   -1272.5887  0.8167 
   00985    0.3600   -1255.3337  0.8072 
   00986    0.4200   -1274.3642  0.8067 
   00987    0.3950   -1260.9357  0.8147 
   00988    0.4250   -1256.5609  0.8035 
   00989    0.4200   -1255.2124  0.8079 
   00990    0.4050   -1283.9456  0.8174 
   00991    0.3575   -1287.9545  0.8269 
   00992    0.4025   -1287.7817  0.8356 
   00993    0.3975   -1285.6406  0.8306 
   00994    0.3900   -1295.9877  0.8390 
   00995    0.4050   -1281.8257  0.8341 
   00996    0.3900   -1301.1397  0.8426 
   00997    0.4075   -1279.8179  0.8291 
   00998    0.4275   -1275.8409  0.8271 
   00999    0.3850   -1250.0097  0.8161 
   01000    0.4175   -1271.2111  0.8213 
